_SO,10001495,50ETF沽11月2250,0.0008,0.0004,100.00%,4207,20933,39335,2.250,3,-2400,0.0004,0.0004,0.0008,0.0002
_SO,10001491,50ETF沽11月2350,0.0055,0.0024,77.42%,40819,1435649,70658,2.350,3,-2162,0.0031,0.0028,0.0055,0.0017
_SO,10001496,50ETF沽11月2300,0.0020,0.0008,66.67%,13730,204811,63690,2.300,3,-1969,0.0012,0.0010,0.0022,0.0009
_SO,10001492,50ETF沽11月2400,0.0140,0.0055,64.71%,75447,7718017,79229,2.400,3,-6662,0.0085,0.0078,0.0140,0.0060
_SO,10001480,50ETF沽11月2450,0.0331,0.0127,62.25%,132399,34184295,69669,2.450,3,-14364,0.0204,0.0199,0.0331,0.0170
_SO,10001481,50ETF沽11月2500,0.0658,0.0225,51.96%,160080,84196885,58349,2.500,3,-14507,0.0433,0.0432,0.0658,0.0380
_SO,10001482,50ETF沽11月2550,0.1086,0.0316,41.04%,61722,56287078,41406,2.550,3,-12278,0.0770,0.0780,0.1086,0.0713
_SO,10001483,50ETF沽11月2600,0.1556,0.0357,29.77%,19324,26285379,32714,2.600,3,-5208,0.1199,0.1191,0.1556,0.1142
_SO,10001484,50ETF沽11月2650,0.2021,0.0351,21.02%,5145,9509114,11740,2.650,3,-1148,0.1670,0.1703,0.2031,0.1610
_SO,10001360,50ETF沽12月2400,0.0493,0.0081,19.66%,27965,12543546,33209,2.400,31,3305,0.0412,0.0412,0.0494,0.0384
_SO,10001322,50ETF沽12月2500,0.1002,0.0157,18.58%,50477,46003749,39695,2.500,31,2291,0.0845,0.0854,0.1005,0.0801
_SO,10001332,50ETF沽12月2450,0.0722,0.0113,18.56%,36791,24197939,29673,2.450,31,1742,0.0609,0.0609,0.0725,0.0570
_SO,10001323,50ETF沽12月2550,0.1332,0.0200,17.67%,23617,28960124,24374,2.550,31,2799,0.1132,0.1156,0.1332,0.1082
_SO,10001324,50ETF沽12月2600,0.1699,0.0238,16.29%,10220,16069419,13040,2.600,31,2259,0.1461,0.1487,0.1699,0.1399
_SO,10001485,50ETF沽11月2700,0.2523,0.0353,16.27%,2935,6924039,7161,2.700,3,-781,0.2170,0.2178,0.2525,0.2100
_SO,10001370,50ETF沽12月2350,0.0311,0.0043,16.04%,24318,6947565,47235,2.350,31,6276,0.0268,0.0268,0.0320,0.0241
_SO,10001326,50ETF沽12月2700,0.2525,0.0294,13.18%,3271,7723656,8325,2.700,31,228,0.2231,0.2270,0.2529,0.2175
_SO,10001325,50ETF沽12月2650,0.2078,0.0240,13.06%,3812,7474978,7236,2.650,31,640,0.1838,0.1885,0.2098,0.1776
_SO,10001486,50ETF沽11月2750,0.3008,0.0338,12.66%,1006,2832824,2838,2.750,3,-293,0.2670,0.2680,0.3015,0.2585
_SO,10001378,50ETF沽12月2300,0.0182,0.0020,12.35%,20010,3292162,51830,2.300,31,4494,0.0162,0.0162,0.0192,0.0140
_SO,10001327,50ETF沽12月2750,0.2970,0.0300,11.24%,1274,3576868,4504,2.750,31,59,0.2670,0.2698,0.2978,0.2612
_SO,10001487,50ETF沽11月2800,0.3475,0.0305,9.62%,549,1832169,1645,2.800,3,-76,0.3170,0.3190,0.3506,0.3098
_SO,10001488,50ETF沽11月2850,0.3995,0.0325,8.86%,520,1989956,3947,2.850,3,-148,0.3670,0.3539,0.4008,0.3539
_SO,10001328,50ETF沽12月2800,0.3450,0.0280,8.83%,955,3136629,4207,2.800,31,64,0.3170,0.3150,0.3450,0.3065
_SO,10001427,50ETF沽3月2450,0.1246,0.0095,8.25%,1648,1965186,4745,2.450,122,-101,0.1151,0.1148,0.1246,0.1100
_SO,10001430,50ETF沽3月2600,0.2088,0.0144,7.41%,521,1053248,3600,2.600,122,15,0.1944,0.1956,0.2088,0.1909
_SO,10001329,50ETF沽12月2850,0.3926,0.0256,6.98%,813,3067429,3075,2.850,31,187,0.3670,0.3622,0.3927,0.3549
_SO,10001429,50ETF沽3月2550,0.1763,0.0112,6.78%,507,870845,3352,2.550,122,-142,0.1651,0.1632,0.1775,0.1615
_SO,10001426,50ETF沽3月2400,0.0998,0.0063,6.74%,709,676235,6178,2.400,122,-102,0.0935,0.0937,0.0998,0.0900
_SO,10001428,50ETF沽3月2500,0.1483,0.0093,6.69%,2450,3511842,4539,2.500,122,76,0.1390,0.1380,0.1483,0.1344
_SO,10001431,50ETF沽3月2650,0.2405,0.0145,6.42%,167,391387,1266,2.650,122,-30,0.2260,0.2241,0.2413,0.2217
_SO,10001513,50ETF沽6月2500,0.1813,0.0106,6.21%,524,926673,2810,2.500,213,56,0.1707,0.1709,0.1813,0.1676
_SO,10001436,50ETF沽3月2350,0.0790,0.0046,6.18%,851,639620,4296,2.350,122,133,0.0744,0.0736,0.0790,0.0706
_SO,10001432,50ETF沽3月2700,0.2758,0.0159,6.12%,156,417476,2438,2.700,122,-11,0.2599,0.2634,0.2771,0.2564
_SO,10001433,50ETF沽3月2750,0.3140,0.0181,6.12%,44,133508,2155,2.750,122,-14,0.2959,0.2933,0.3140,0.2933
_SO,10001512,50ETF沽6月2450,0.1560,0.0090,6.12%,749,1146661,3522,2.450,213,458,0.1470,0.1466,0.1560,0.1439
_SO,10001434,50ETF沽3月2800,0.3550,0.0201,6.00%,88,301702,3391,2.800,122,14,0.3349,0.3399,0.3550,0.3288
_SO,10001470,50ETF沽3月2850,0.3965,0.0224,5.99%,741,2888309,3994,2.850,122,353,0.3741,0.3765,0.3965,0.3699
_SO,10001510,50ETF沽6月2350,0.1118,0.0062,5.87%,286,308069,2738,2.350,213,132,0.1056,0.1057,0.1118,0.1032
_SO,10001522,50ETF沽6月2250,0.0759,0.0041,5.71%,872,637407,7038,2.250,213,510,0.0718,0.0729,0.0759,0.0701
_SO,10001515,50ETF沽6月2600,0.2371,0.0127,5.66%,135,310783,2371,2.600,213,4,0.2244,0.2218,0.2371,0.2217
_SO,10001516,50ETF沽6月2650,0.2681,0.0140,5.51%,78,202996,1348,2.650,213,10,0.2541,0.2550,0.2681,0.2530
_SO,10001524,50ETF沽6月2800,0.3705,0.0193,5.50%,68,246599,2202,2.800,213,23,0.3512,0.3575,0.3705,0.3488
_SO,10001517,50ETF沽6月2700,0.3011,0.0152,5.32%,63,182412,602,2.700,213,-2,0.2859,0.2865,0.3011,0.2808
_SO,10001518,50ETF沽6月2750,0.3355,0.0167,5.24%,50,161426,718,2.750,213,-6,0.3188,0.3152,0.3355,0.3145
_SO,10001511,50ETF沽6月2400,0.1320,0.0065,5.18%,218,280777,5103,2.400,213,-126,0.1255,0.1259,0.1328,0.1231
_SO,10001333,50ETF购12月2950,0.0021,0.0001,5.00%,10523,211867,58328,2.950,31,3029,0.0020,0.0023,0.0024,0.0016
_SO,10001438,50ETF沽3月2300,0.0616,0.0029,4.94%,1648,970529,7135,2.300,122,320,0.0587,0.0585,0.0616,0.0558
_SO,10001334,50ETF沽12月2950,0.4900,0.0230,4.93%,341,1629062,8640,2.950,31,66,0.4670,0.4552,0.4909,0.4523
_SO,10001440,50ETF沽3月2250,0.0470,0.0022,4.91%,2227,996730,11970,2.250,122,1393,0.0448,0.0440,0.0471,0.0423
_SO,10001514,50ETF沽6月2550,0.2065,0.0091,4.61%,155,315608,2115,2.550,213,-,0.1974,0.1942,0.2070,0.1942
_SO,10001520,50ETF沽6月2300,0.0922,0.0037,4.18%,335,298486,2622,2.300,213,138,0.0885,0.0891,0.0925,0.0858
_SO,10001330,50ETF沽12月2900,0.4319,0.0149,3.57%,291,1224576,2966,2.900,31,41,0.4170,0.4106,0.4420,0.4052
_SO,10001384,50ETF沽12月2250,0.0099,0.0003,3.12%,23272,2130234,57963,2.250,31,7548,0.0096,0.0095,0.0106,0.0080
_SO,10001442,50ETF沽3月2200,0.0345,0.0002,0.58%,4476,1470631,19562,2.200,122,3230,0.0343,0.0352,0.0352,0.0313
_SO,10001500,50ETF沽11月2200,0.0003,0.0000,0.00%,3734,10069,57891,2.200,3,-2791,0.0003,0.0003,0.0004,0.0002
_SO,10001412,50ETF沽12月2200,0.0055,0.0000,0.00%,11933,616269,61290,2.200,31,2374,0.0055,0.0053,0.0059,0.0046
_SO,10001441,50ETF购3月2200,0.3268,-0.0241,-6.87%,409,1346634,6096,2.200,122,-1,0.3509,0.3502,0.3527,0.3190
_SO,10001521,50ETF购6月2250,0.3351,-0.0304,-8.32%,290,1006639,779,2.250,213,122,0.3655,0.3636,0.3660,0.3340
_SO,10001439,50ETF购3月2250,0.2851,-0.0259,-8.33%,264,776033,1462,2.250,122,116,0.3110,0.3105,0.3131,0.2831
_SO,10001519,50ETF购6月2300,0.3010,-0.0288,-8.73%,62,196411,2897,2.300,213,6,0.3298,0.3288,0.3325,0.3010
_SO,10001437,50ETF购3月2300,0.2498,-0.0252,-9.16%,185,484544,1501,2.300,122,15,0.2750,0.2744,0.2770,0.2475
_SO,10001502,50ETF购6月2400,0.2435,-0.0254,-9.45%,50,125234,1081,2.400,213,24,0.2689,0.2650,0.2701,0.2435
_SO,10001501,50ETF购6月2350,0.2700,-0.0283,-9.49%,47,131228,1030,2.350,213,20,0.2983,0.2965,0.2990,0.2700
_SO,10001506,50ETF购6月2600,0.1559,-0.0167,-9.68%,266,425203,2965,2.600,213,-4,0.1726,0.1698,0.1722,0.1522
_SO,10001503,50ETF购6月2450,0.2169,-0.0245,-10.15%,310,697767,2343,2.450,213,89,0.2414,0.2384,0.2428,0.2169
_SO,10001435,50ETF购3月2350,0.2159,-0.0266,-10.97%,231,528977,746,2.350,122,-23,0.2425,0.2422,0.2425,0.2159
_SO,10001504,50ETF购6月2500,0.1934,-0.0239,-11.00%,704,1410707,3199,2.500,213,288,0.2173,0.2096,0.2168,0.1934
_SO,10001411,50ETF购12月2200,0.2648,-0.0332,-11.14%,3104,8553947,7007,2.200,31,788,0.2980,0.2950,0.3024,0.2642
_SO,10001505,50ETF购6月2550,0.1715,-0.0228,-11.73%,473,850254,3398,2.550,213,40,0.1943,0.1902,0.1931,0.1715
_SO,10001417,50ETF购3月2400,0.1866,-0.0253,-11.94%,348,692654,2563,2.400,122,92,0.2119,0.2120,0.2120,0.1866
_SO,10001508,50ETF购6月2700,0.1190,-0.0166,-12.24%,111,136927,1819,2.700,213,-33,0.1356,0.1269,0.1269,0.1181
_SO,10001383,50ETF购12月2250,0.2198,-0.0327,-12.95%,1124,2603892,2868,2.250,31,330,0.2525,0.2521,0.2570,0.2188
_SO,10001507,50ETF购6月2650,0.1333,-0.0200,-13.05%,101,139919,1727,2.650,213,22,0.1533,0.1488,0.1488,0.1333
_SO,10001499,50ETF购11月2200,0.2478,-0.0379,-13.27%,966,2563882,3196,2.200,3,-280,0.2857,0.2855,0.2914,0.2478
_SO,10001418,50ETF购3月2450,0.1593,-0.0245,-13.33%,1796,3010495,4567,2.450,122,596,0.1838,0.1838,0.1838,0.1593
_SO,10001420,50ETF购3月2550,0.1170,-0.0180,-13.33%,1062,1306651,5686,2.550,122,196,0.1350,0.1317,0.1352,0.1160
_SO,10001419,50ETF购3月2500,0.1365,-0.0221,-13.93%,3310,4779073,7692,2.500,122,965,0.1586,0.1560,0.1585,0.1365
_SO,10001509,50ETF购6月2750,0.1030,-0.0169,-14.10%,644,694986,4090,2.750,213,-192,0.1199,0.1201,0.1203,0.1030
_SO,10001377,50ETF购12月2300,0.1780,-0.0318,-15.16%,2426,4542222,6237,2.300,31,1169,0.2098,0.2086,0.2136,0.1773
_SO,10001421,50ETF购3月2600,0.0978,-0.0177,-15.32%,1137,1172879,6997,2.600,122,31,0.1155,0.1120,0.1155,0.0977
_SO,10001523,50ETF购6月2800,0.0892,-0.0166,-15.69%,890,843827,3516,2.800,213,309,0.1058,0.1025,0.1046,0.0891
_SO,10001493,50ETF购11月2250,0.1997,-0.0372,-15.70%,1107,2410890,3839,2.250,3,-53,0.2369,0.2335,0.2418,0.1988
_SO,10001477,50ETF购11月2750,0.0005,-0.0001,-16.67%,7112,39780,52867,2.750,3,-3154,0.0006,0.0006,0.0007,0.0004
_SO,10001422,50ETF购3月2650,0.0814,-0.0164,-16.77%,1189,1026019,6194,2.650,122,528,0.0978,0.0946,0.0973,0.0811
_SO,10001423,50ETF购3月2700,0.0673,-0.0138,-17.02%,653,471979,6914,2.700,122,156,0.0811,0.0794,0.0810,0.0673
_SO,10001369,50ETF购12月2350,0.1405,-0.0298,-17.50%,3381,5100856,5872,2.350,31,667,0.1703,0.1670,0.1737,0.1402
_SO,10001424,50ETF购3月2750,0.0560,-0.0121,-17.77%,415,255287,5615,2.750,122,63,0.0681,0.0676,0.0676,0.0560
_SO,10001469,50ETF购3月2850,0.0378,-0.0090,-19.23%,3587,1440723,16111,2.850,122,1838,0.0468,0.0451,0.0460,0.0372
_SO,10001425,50ETF购3月2800,0.0462,-0.0110,-19.23%,1375,686745,13642,2.800,122,268,0.0572,0.0562,0.0566,0.0458
_SO,10001359,50ETF购12月2400,0.1088,-0.0264,-19.53%,8796,10431542,9139,2.400,31,1707,0.1352,0.1342,0.1377,0.1081
_SO,10001494,50ETF购11月2300,0.1500,-0.0372,-19.87%,3335,5570081,6071,2.300,3,552,0.1872,0.1827,0.1928,0.1500
_SO,10001321,50ETF购12月2900,0.0024,-0.0006,-20.00%,8141,202318,35464,2.900,31,213,0.0030,0.0029,0.0030,0.0022
_SO,10001331,50ETF购12月2450,0.0799,-0.0243,-23.32%,28555,25573183,25168,2.450,31,9719,0.1042,0.1013,0.1078,0.0799
_SO,10001313,50ETF购12月2500,0.0595,-0.0188,-24.01%,63644,42066470,64213,2.500,31,17388,0.0783,0.0784,0.0799,0.0589
_SO,10001314,50ETF购12月2550,0.0425,-0.0148,-25.83%,40143,19203840,52351,2.550,31,8743,0.0573,0.0577,0.0581,0.0419
_SO,10001489,50ETF购11月2350,0.1022,-0.0372,-26.69%,11984,14216104,8648,2.350,3,334,0.1394,0.1380,0.1435,0.1022
_SO,10001320,50ETF购12月2850,0.0035,-0.0013,-27.08%,11694,434259,34354,2.850,31,1996,0.0048,0.0046,0.0050,0.0031
_SO,10001315,50ETF购12月2600,0.0290,-0.0116,-28.57%,24410,7824883,52561,2.600,31,4804,0.0406,0.0391,0.0409,0.0287
_SO,10001318,50ETF购12月2750,0.0079,-0.0035,-30.70%,16301,1423786,31689,2.750,31,-1113,0.0114,0.0112,0.0112,0.0073
_SO,10001316,50ETF购12月2650,0.0190,-0.0085,-30.91%,19936,4387536,38654,2.650,31,5236,0.0275,0.0269,0.0277,0.0185
_SO,10001319,50ETF购12月2800,0.0049,-0.0024,-32.88%,12967,714628,32450,2.800,31,-2665,0.0073,0.0070,0.0072,0.0047
_SO,10001317,50ETF购12月2700,0.0123,-0.0061,-33.15%,24614,3541249,45955,2.700,31,7822,0.0184,0.0174,0.0184,0.0119
_SO,10001479,50ETF购11月2850,0.0002,-0.0001,-33.33%,6062,17519,85561,2.850,3,-2885,0.0003,0.0003,0.0005,0.0002
_SO,10001490,50ETF购11月2400,0.0600,-0.0340,-36.17%,35170,26248676,18542,2.400,3,995,0.0940,0.0920,0.0979,0.0600
_SO,10001478,50ETF购11月2800,0.0003,-0.0002,-40.00%,4352,15996,54177,2.800,3,-2017,0.0005,0.0005,0.0005,0.0003
_SO,10001476,50ETF购11月2700,0.0007,-0.0005,-41.67%,22441,191060,64881,2.700,3,-11495,0.0012,0.0011,0.0012,0.0005
_SO,10001471,50ETF购11月2450,0.0302,-0.0268,-47.02%,119162,48970783,56890,2.450,3,8833,0.0570,0.0553,0.0593,0.0302
_SO,10001472,50ETF购11月2500,0.0131,-0.0170,-56.48%,195272,40912494,150793,2.500,3,24915,0.0301,0.0278,0.0308,0.0130
_SO,10001473,50ETF购11月2550,0.0059,-0.0077,-56.62%,102802,9183525,150972,2.550,3,-4064,0.0136,0.0131,0.0138,0.0054
_SO,10001474,50ETF购11月2600,0.0026,-0.0034,-56.67%,65666,2576297,125539,2.600,3,-11099,0.0060,0.0051,0.0058,0.0026
_SO,10001475,50ETF购11月2650,0.0012,-0.0016,-57.14%,31388,545846,88844,2.650,3,-7234,0.0028,0.0024,0.0024,0.0011