_SO,10001495,50ETF沽11月2250,0.0040,0.0011,37.93%,14543,468046,62968,2.250,14,2278,0.0029,0.0027,0.0040,0.0026
_SO,10001496,50ETF沽11月2300,0.0072,0.0013,22.03%,24809,1817497,104764,2.300,14,3788,0.0059,0.0068,0.0084,0.0060
_SO,10001481,50ETF沽11月2500,0.0724,0.0127,21.27%,128895,88217491,68584,2.500,14,-282,0.0597,0.0604,0.0766,0.0600
_SO,10001480,50ETF沽11月2450,0.0473,0.0074,18.55%,75772,34387850,81995,2.450,14,-5066,0.0399,0.0403,0.0508,0.0397
_SO,10001482,50ETF沽11月2550,0.1039,0.0159,18.07%,49051,48241787,63706,2.550,14,-2002,0.0880,0.0873,0.1084,0.0866
_SO,10001492,50ETF沽11月2400,0.0281,0.0042,17.57%,44878,12344027,74109,2.400,14,-159,0.0239,0.0245,0.0310,0.0236
_SO,10001483,50ETF沽11月2600,0.1400,0.0203,16.96%,22277,29394335,50370,2.600,14,-556,0.1197,0.1193,0.1454,0.1193
_SO,10001412,50ETF沽12月2200,0.0140,0.0020,16.67%,12484,1674609,52202,2.200,42,3298,0.0120,0.0125,0.0148,0.0120
_SO,10001332,50ETF沽12月2450,0.0863,0.0123,16.62%,6447,5315499,12844,2.450,42,61,0.0740,0.0753,0.0893,0.0744
_SO,10001384,50ETF沽12月2250,0.0212,0.0030,16.48%,6479,1331271,24073,2.250,42,1999,0.0182,0.0188,0.0227,0.0185
_SO,10001322,50ETF沽12月2500,0.1130,0.0155,15.90%,13789,14709836,17499,2.500,42,1207,0.0975,0.0949,0.1155,0.0949
_SO,10001378,50ETF沽12月2300,0.0321,0.0043,15.47%,4539,1352624,19887,2.300,42,2119,0.0278,0.0283,0.0337,0.0278
_SO,10001484,50ETF沽11月2650,0.1816,0.0240,15.23%,7339,12620537,17004,2.650,14,-235,0.1576,0.1564,0.1862,0.1564
_SO,10001360,50ETF沽12月2400,0.0638,0.0080,14.34%,7285,4446122,16019,2.400,42,573,0.0558,0.0567,0.0672,0.0549
_SO,10001324,50ETF沽12月2600,0.1736,0.0212,13.91%,4663,7799870,8413,2.600,42,1261,0.1524,0.1524,0.1777,0.1524
_SO,10001323,50ETF沽12月2550,0.1400,0.0166,13.45%,4930,6692258,11186,2.550,42,340,0.1234,0.1209,0.1445,0.1209
_SO,10001485,50ETF沽11月2700,0.2261,0.0264,13.22%,4692,9994743,10887,2.700,14,543,0.1997,0.1984,0.2303,0.1984
_SO,10001325,50ETF沽12月2650,0.2102,0.0239,12.83%,3901,7748550,6582,2.650,42,26,0.1863,0.1910,0.2133,0.1866
_SO,10001442,50ETF沽3月2200,0.0517,0.0055,11.90%,758,376137,12892,2.200,133,117,0.0462,0.0467,0.0523,0.0462
_SO,10001522,50ETF沽6月2250,0.0937,0.0099,11.81%,965,865323,3520,2.250,224,235,0.0838,0.0861,0.0946,0.0850
_SO,10001486,50ETF沽11月2750,0.2710,0.0286,11.80%,2970,7779860,6108,2.750,14,-412,0.2424,0.2506,0.2769,0.2435
_SO,10001520,50ETF沽6月2300,0.1117,0.0117,11.70%,199,216172,2087,2.300,224,-97,0.1000,0.1022,0.1124,0.1016
_SO,10001370,50ETF沽12月2350,0.0450,0.0046,11.39%,6008,2635087,22993,2.350,42,2319,0.0404,0.0408,0.0487,0.0397
_SO,10001326,50ETF沽12月2700,0.2470,0.0245,11.01%,2104,5003678,7822,2.700,42,205,0.2225,0.2279,0.2522,0.2229
_SO,10001511,50ETF沽6月2400,0.1528,0.0148,10.72%,207,300476,2263,2.400,224,85,0.1380,0.1401,0.1528,0.1370
_SO,10001327,50ETF沽12月2750,0.2887,0.0279,10.70%,747,2070041,3921,2.750,42,121,0.2608,0.2673,0.2926,0.2618
_SO,10001329,50ETF沽12月2850,0.3780,0.0362,10.59%,459,1674143,2716,2.850,42,125,0.3418,0.3497,0.3807,0.3497
_SO,10001510,50ETF沽6月2350,0.1308,0.0125,10.57%,209,268183,2549,2.350,224,85,0.1183,0.1202,0.1318,0.1194
_SO,10001487,50ETF沽11月2800,0.3212,0.0302,10.38%,1617,4999950,3083,2.800,14,74,0.2910,0.2936,0.3246,0.2888
_SO,10001436,50ETF沽3月2350,0.0978,0.0091,10.26%,172,160230,3577,2.350,133,52,0.0887,0.0896,0.0991,0.0885
_SO,10001426,50ETF沽3月2400,0.1189,0.0110,10.19%,243,271728,5955,2.400,133,-13,0.1079,0.1086,0.1189,0.1074
_SO,10001328,50ETF沽12月2800,0.3321,0.0300,9.93%,572,1847757,4045,2.800,42,85,0.3021,0.3057,0.3364,0.3050
_SO,10001428,50ETF沽3月2500,0.1663,0.0149,9.84%,382,614181,3964,2.500,133,95,0.1514,0.1539,0.1673,0.1512
_SO,10001512,50ETF沽6月2450,0.1748,0.0151,9.46%,458,766107,3134,2.450,224,235,0.1597,0.1620,0.1758,0.1620
_SO,10001440,50ETF沽3月2250,0.0638,0.0055,9.43%,480,299026,9404,2.250,133,162,0.0583,0.0583,0.0658,0.0582
_SO,10001430,50ETF沽3月2600,0.2228,0.0190,9.32%,246,530665,4044,2.600,133,-35,0.2038,0.2084,0.2245,0.2066
_SO,10001491,50ETF沽11月2350,0.0153,0.0013,9.29%,34816,5226734,84408,2.350,14,4605,0.0140,0.0140,0.0171,0.0127
_SO,10001514,50ETF沽6月2550,0.2272,0.0192,9.23%,220,479475,2079,2.550,224,160,0.2080,0.2112,0.2272,0.2055
_SO,10001429,50ETF沽3月2550,0.1922,0.0160,9.08%,316,586454,2742,2.550,133,-87,0.1762,0.1800,0.1947,0.1773
_SO,10001515,50ETF沽6月2600,0.2561,0.0213,9.07%,273,674742,2266,2.600,224,211,0.2348,0.2386,0.2561,0.2325
_SO,10001438,50ETF沽3月2300,0.0789,0.0065,8.98%,170,130502,4130,2.300,133,21,0.0724,0.0726,0.0811,0.0724
_SO,10001513,50ETF沽6月2500,0.1989,0.0159,8.69%,364,697735,2394,2.500,224,152,0.1830,0.1857,0.2007,0.1850
_SO,10001432,50ETF沽3月2700,0.2890,0.0230,8.65%,105,296753,2505,2.700,133,42,0.2660,0.2714,0.2898,0.2714
_SO,10001488,50ETF沽11月2850,0.3697,0.0287,8.42%,1446,5109358,4533,2.850,14,98,0.3410,0.3419,0.3738,0.3382
_SO,10001431,50ETF沽3月2650,0.2548,0.0196,8.33%,100,245329,1384,2.650,133,-30,0.2352,0.2389,0.2551,0.2360
_SO,10001427,50ETF沽3月2450,0.1384,0.0106,8.29%,277,378049,4867,2.450,133,-19,0.1278,0.1301,0.1425,0.1279
_SO,10001330,50ETF沽12月2900,0.4233,0.0323,8.26%,326,1341166,3275,2.900,42,99,0.3910,0.3988,0.4264,0.3961
_SO,10001433,50ETF沽3月2750,0.3247,0.0247,8.23%,51,158564,2140,2.750,133,7,0.3000,0.3031,0.3255,0.3026
_SO,10001516,50ETF沽6月2650,0.2852,0.0212,8.03%,85,232057,1208,2.650,224,21,0.2640,0.2677,0.2852,0.2654
_SO,10001500,50ETF沽11月2200,0.0015,0.0001,7.14%,9470,142670,65984,2.200,14,815,0.0014,0.0014,0.0018,0.0012
_SO,10001470,50ETF沽3月2850,0.3850,0.0249,6.91%,130,502415,2808,2.850,133,15,0.3601,0.3775,0.4009,0.3775
_SO,10001524,50ETF沽6月2800,0.3838,0.0248,6.91%,168,624859,343,2.800,224,89,0.3590,0.3632,0.3843,0.3632
_SO,10001518,50ETF沽6月2750,0.3482,0.0218,6.68%,82,278978,833,2.750,224,-36,0.3264,0.3284,0.3510,0.3284
_SO,10001334,50ETF沽12月2950,0.4700,0.0290,6.58%,562,2560013,8593,2.950,42,71,0.4410,0.4400,0.4735,0.4400
_SO,10001434,50ETF沽3月2800,0.3558,0.0219,6.56%,69,238620,3385,2.800,133,1,0.3339,0.3397,0.3615,0.3384
_SO,10001517,50ETF沽6月2700,0.3178,0.0184,6.15%,73,220300,544,2.700,224,33,0.2994,0.2880,0.3178,0.2880
_SO,10001501,50ETF购6月2350,0.3277,-0.0056,-1.68%,15,49154,1092,2.350,224,4,0.3333,0.3284,0.3284,0.3263
_SO,10001519,50ETF购6月2300,0.3455,-0.0219,-5.96%,225,794078,2846,2.300,224,52,0.3674,0.3601,0.3616,0.3427
_SO,10001523,50ETF购6月2800,0.1272,-0.0088,-6.47%,906,1170228,2196,2.800,224,36,0.1360,0.1350,0.1350,0.1257
_SO,10001521,50ETF购6月2250,0.3746,-0.0260,-6.49%,86,334333,618,2.250,224,16,0.4006,0.3985,0.3985,0.3746
_SO,10001503,50ETF购6月2450,0.2594,-0.0196,-7.03%,260,684217,2139,2.450,224,97,0.2790,0.2758,0.2758,0.2570
_SO,10001509,50ETF购6月2750,0.1407,-0.0107,-7.07%,415,595859,3869,2.750,224,193,0.1514,0.1481,0.1486,0.1400
_SO,10001502,50ETF购6月2400,0.2863,-0.0219,-7.11%,203,593689,1031,2.400,224,96,0.3082,0.2988,0.2997,0.2827
_SO,10001435,50ETF购3月2350,0.2609,-0.0200,-7.12%,92,247109,589,2.350,133,-1,0.2809,0.2759,0.2806,0.2598
_SO,10001508,50ETF购6月2700,0.1561,-0.0120,-7.14%,53,84466,1672,2.700,224,21,0.1681,0.1648,0.1649,0.1558
_SO,10001504,50ETF购6月2500,0.2340,-0.0182,-7.22%,375,897359,2369,2.500,224,42,0.2522,0.2483,0.2507,0.2330
_SO,10001506,50ETF购6月2600,0.1913,-0.0150,-7.27%,366,718215,3012,2.600,224,119,0.2063,0.2031,0.2044,0.1912
_SO,10001505,50ETF购6月2550,0.2116,-0.0168,-7.36%,396,866984,3394,2.550,224,69,0.2284,0.2248,0.2252,0.2116
_SO,10001439,50ETF购3月2250,0.3263,-0.0263,-7.46%,182,619489,1186,2.250,133,78,0.3526,0.3462,0.3474,0.3260
_SO,10001507,50ETF购6月2650,0.1729,-0.0142,-7.59%,150,266416,1762,2.650,224,69,0.1871,0.1831,0.1856,0.1729
_SO,10001441,50ETF购3月2200,0.3615,-0.0316,-8.04%,368,1358082,5983,2.200,133,-102,0.3931,0.3844,0.3844,0.3599
_SO,10001417,50ETF购3月2400,0.2315,-0.0208,-8.24%,408,962836,1847,2.400,133,246,0.2523,0.2455,0.2503,0.2299
_SO,10001418,50ETF购3月2450,0.2038,-0.0196,-8.77%,252,535997,3745,2.450,133,77,0.2234,0.2176,0.2217,0.2028
_SO,10001421,50ETF购3月2600,0.1384,-0.0136,-8.95%,438,624648,7099,2.600,133,43,0.1520,0.1476,0.1510,0.1365
_SO,10001419,50ETF购3月2500,0.1801,-0.0180,-9.09%,641,1187979,6250,2.500,133,111,0.1981,0.1965,0.1977,0.1783
_SO,10001437,50ETF购3月2300,0.2904,-0.0291,-9.11%,121,362483,3169,2.300,133,-6,0.3195,0.3129,0.3129,0.2904
_SO,10001420,50ETF购3月2550,0.1581,-0.0159,-9.14%,442,712183,5115,2.550,133,194,0.1740,0.1686,0.1725,0.1561
_SO,10001411,50ETF购12月2200,0.2994,-0.0309,-9.36%,1790,5631504,4635,2.200,42,370,0.3303,0.3270,0.3303,0.2961
_SO,10001424,50ETF购3月2750,0.0898,-0.0093,-9.38%,638,607510,5601,2.750,133,315,0.0991,0.0969,0.0986,0.0891
_SO,10001423,50ETF购3月2700,0.1041,-0.0109,-9.48%,251,272172,6397,2.700,133,129,0.1150,0.1118,0.1136,0.1037
_SO,10001422,50ETF购3月2650,0.1200,-0.0132,-9.91%,398,491798,4684,2.650,133,133,0.1332,0.1287,0.1309,0.1186
_SO,10001469,50ETF购3月2850,0.0666,-0.0074,-10.00%,1059,729271,11986,2.850,133,152,0.0740,0.0721,0.0730,0.0666
_SO,10001499,50ETF购11月2200,0.2808,-0.0323,-10.32%,2729,8115176,4939,2.200,14,-151,0.3131,0.3130,0.3132,0.2772
_SO,10001383,50ETF购12月2250,0.2575,-0.0301,-10.47%,363,978172,1884,2.250,42,34,0.2876,0.2840,0.2868,0.2540
_SO,10001425,50ETF购3月2800,0.0770,-0.0091,-10.57%,643,512309,12686,2.800,133,286,0.0861,0.0837,0.0846,0.0770
_SO,10001377,50ETF购12月2300,0.2178,-0.0302,-12.18%,601,1389640,4168,2.300,42,116,0.2480,0.2405,0.2459,0.2161
_SO,10001493,50ETF购11月2250,0.2323,-0.0343,-12.87%,2428,6002782,5119,2.250,14,357,0.2666,0.2650,0.2651,0.2294
_SO,10001369,50ETF购12月2350,0.1806,-0.0295,-14.04%,1421,2727360,5362,2.350,42,-47,0.2101,0.2032,0.2086,0.1801
_SO,10001359,50ETF购12月2400,0.1497,-0.0253,-14.46%,1164,1861494,4951,2.400,42,203,0.1750,0.1694,0.1743,0.1486
_SO,10001331,50ETF购12月2450,0.1222,-0.0220,-15.26%,3492,4548745,9540,2.450,42,853,0.1442,0.1392,0.1438,0.1208
_SO,10001494,50ETF购11月2300,0.1870,-0.0337,-15.27%,3511,7019786,5766,2.300,14,138,0.2207,0.2116,0.2198,0.1841
_SO,10001314,50ETF购12月2550,0.0768,-0.0163,-17.51%,6648,5561205,21513,2.550,42,2078,0.0931,0.0931,0.0931,0.0762
_SO,10001313,50ETF购12月2500,0.0974,-0.0208,-17.60%,19320,20547551,24159,2.500,42,7084,0.1182,0.1168,0.1177,0.0966
_SO,10001489,50ETF购11月2350,0.1456,-0.0319,-17.97%,7471,11892888,10464,2.350,14,603,0.1775,0.1778,0.1778,0.1428
_SO,10001315,50ETF购12月2600,0.0595,-0.0149,-20.03%,11043,7308484,31097,2.600,42,4959,0.0744,0.0753,0.0753,0.0591
_SO,10001490,50ETF购11月2400,0.1100,-0.0276,-20.06%,17979,22043748,20385,2.400,14,1226,0.1376,0.1380,0.1382,0.1065
_SO,10001321,50ETF购12月2900,0.0095,-0.0025,-20.83%,8741,923884,38779,2.900,42,1225,0.0120,0.0121,0.0121,0.0094
_SO,10001317,50ETF购12月2700,0.0344,-0.0093,-21.28%,6045,2296505,31486,2.700,42,1408,0.0437,0.0429,0.0433,0.0340
_SO,10001333,50ETF购12月2950,0.0067,-0.0019,-22.09%,11176,848274,60930,2.950,42,-172,0.0086,0.0086,0.0086,0.0066
_SO,10001316,50ETF购12月2650,0.0451,-0.0128,-22.11%,8131,4137837,24352,2.650,42,2405,0.0579,0.0563,0.0567,0.0451
_SO,10001318,50ETF购12月2750,0.0254,-0.0074,-22.56%,5751,1607568,21344,2.750,42,1994,0.0328,0.0320,0.0327,0.0251
_SO,10001319,50ETF购12月2800,0.0184,-0.0056,-23.33%,6639,1386112,26168,2.800,42,1908,0.0240,0.0230,0.0238,0.0181
_SO,10001471,50ETF购11月2450,0.0779,-0.0261,-25.10%,50411,44899314,43644,2.450,14,4360,0.1040,0.1040,0.1040,0.0761
_SO,10001320,50ETF购12月2850,0.0130,-0.0044,-25.29%,7364,1126890,29474,2.850,42,1947,0.0174,0.0180,0.0191,0.0128
_SO,10001472,50ETF购11月2500,0.0526,-0.0216,-29.11%,137481,85727338,111895,2.500,14,22565,0.0742,0.0738,0.0743,0.0519
_SO,10001473,50ETF购11月2550,0.0343,-0.0171,-33.27%,101749,42805851,154194,2.550,14,5029,0.0514,0.0507,0.0519,0.0333
_SO,10001474,50ETF购11月2600,0.0204,-0.0133,-39.47%,74787,19539206,156937,2.600,14,4612,0.0337,0.0337,0.0352,0.0202
_SO,10001475,50ETF购11月2650,0.0116,-0.0091,-43.96%,46774,7189614,106800,2.650,14,-2475,0.0207,0.0205,0.0210,0.0114
_SO,10001478,50ETF购11月2800,0.0016,-0.0013,-44.83%,19807,408998,75283,2.800,14,-9897,0.0029,0.0030,0.0030,0.0015
_SO,10001476,50ETF购11月2700,0.0065,-0.0053,-44.92%,34562,2850049,95401,2.700,14,-2371,0.0118,0.0110,0.0115,0.0063
_SO,10001477,50ETF购11月2750,0.0030,-0.0031,-50.82%,22641,939481,79928,2.750,14,-784,0.0061,0.0059,0.0061,0.0028
_SO,10001479,50ETF购11月2850,0.0007,-0.0009,-56.25%,20644,233889,105850,2.850,14,-7604,0.0016,0.0015,0.0018,0.0006