_SO,10001383,50ETF购12月2250,0.2965,0.0120,4.22%,753,2381666,1968,2.250,55,-233,0.2845,0.2967,0.3288,0.2931
_SO,10001494,50ETF购11月2300,0.2315,0.0091,4.09%,6066,14914413,5445,2.300,27,14,0.2224,0.2369,0.2662,0.2267
_SO,10001472,50ETF购11月2500,0.0913,0.0033,3.75%,148571,151958488,67019,2.500,27,-8601,0.0880,0.0978,0.1137,0.0890
_SO,10001471,50ETF购11月2450,0.1197,0.0043,3.73%,53343,71220991,36487,2.450,27,-6530,0.1154,0.1270,0.1460,0.1175
_SO,10001490,50ETF购11月2400,0.1522,0.0052,3.54%,24476,41151786,19137,2.400,27,-3806,0.1470,0.1602,0.1829,0.1495
_SO,10001489,50ETF购11月2350,0.1900,0.0064,3.49%,9386,19319610,7954,2.350,27,-2022,0.1836,0.1933,0.2225,0.1860
_SO,10001499,50ETF购11月2200,0.3185,0.0105,3.41%,4374,14835048,3827,2.200,27,-37,0.3080,0.3263,0.3578,0.3152
_SO,10001493,50ETF购11月2250,0.2722,0.0083,3.15%,3454,10106858,4656,2.250,27,-287,0.2639,0.2768,0.3109,0.2699
_SO,10001331,50ETF购12月2450,0.1513,0.0039,2.65%,3241,5354651,7316,2.450,55,-610,0.1474,0.1567,0.1767,0.1495
_SO,10001473,50ETF购11月2550,0.0666,0.0016,2.46%,169122,129887449,89667,2.550,27,-4495,0.0650,0.0741,0.0860,0.0657
_SO,10001411,50ETF购12月2200,0.3373,0.0075,2.27%,918,3268870,3587,2.200,55,-157,0.3298,0.3400,0.3737,0.3330
_SO,10001377,50ETF购12月2300,0.2539,0.0054,2.17%,1103,3024139,3940,2.300,55,-446,0.2485,0.2592,0.2856,0.2531
_SO,10001369,50ETF购12月2350,0.2166,0.0040,1.88%,1589,3696226,5773,2.350,55,-475,0.2126,0.2217,0.2837,0.2150
_SO,10001441,50ETF购3月2200,0.3900,0.0063,1.64%,296,1207299,5733,2.200,146,-128,0.3837,0.4002,0.4193,0.3890
_SO,10001437,50ETF购3月2300,0.3181,0.0041,1.31%,1979,6650695,3832,2.300,146,112,0.3140,0.3255,0.3448,0.3155
_SO,10001359,50ETF购12月2400,0.1808,0.0023,1.29%,2144,4228971,4864,2.400,55,-444,0.1785,0.1861,0.2110,0.1807
_SO,10001521,50ETF购6月2250,0.3882,0.0049,1.28%,143,580742,190,2.250,237,94,0.3833,0.3975,0.4112,0.3882
_SO,10001439,50ETF购3月2250,0.3521,0.0037,1.06%,257,942505,1341,2.250,146,-28,0.3484,0.3648,0.3800,0.3508
_SO,10001315,50ETF购12月2600,0.0813,0.0005,0.62%,6333,5594656,16206,2.600,55,-152,0.0808,0.0858,0.0970,0.0792
_SO,10001313,50ETF购12月2500,0.1245,0.0007,0.57%,6653,8999567,13283,2.500,55,-144,0.1238,0.1295,0.1468,0.1223
_SO,10001317,50ETF购12月2700,0.0510,0.0002,0.39%,7827,4379457,26115,2.700,55,1123,0.0508,0.0545,0.0614,0.0493
_SO,10001314,50ETF购12月2550,0.1009,0.0003,0.30%,8040,8954608,14332,2.550,55,656,0.1006,0.1049,0.1213,0.0993
_SO,10001318,50ETF购12月2750,0.0394,0.0001,0.25%,6880,3040941,16789,2.750,55,2523,0.0393,0.0428,0.0480,0.0386
_SO,10001417,50ETF购3月2400,0.2498,0.0000,0.00%,513,1364547,1732,2.400,146,-202,0.2498,0.2600,0.2755,0.2498
_SO,10001509,50ETF购6月2750,0.1398,0.0000,0.00%,919,1347823,1977,2.750,237,367,0.1398,0.1460,0.1528,0.1386
_SO,10001418,50ETF购3月2450,0.2200,-0.0002,-0.09%,785,1842533,2841,2.450,146,-124,0.2202,0.2297,0.2455,0.2200
_SO,10001435,50ETF购3月2350,0.2815,-0.0003,-0.11%,339,1015823,1837,2.350,146,-83,0.2818,0.2912,0.3086,0.2815
_SO,10001502,50ETF购6月2400,0.2919,-0.0008,-0.27%,249,759016,763,2.400,237,90,0.2927,0.3009,0.3169,0.2919
_SO,10001320,50ETF购12月2850,0.0229,-0.0001,-0.43%,8725,2235413,23463,2.850,55,1096,0.0230,0.0250,0.0282,0.0222
_SO,10001501,50ETF购6月2350,0.3201,-0.0019,-0.59%,221,740646,477,2.350,237,-16,0.3220,0.3338,0.3464,0.3201
_SO,10001506,50ETF购6月2600,0.1936,-0.0012,-0.62%,389,791557,906,2.600,237,48,0.1948,0.2000,0.2111,0.1936
_SO,10001333,50ETF购12月2950,0.0124,-0.0001,-0.80%,10509,1478260,53473,2.950,55,1932,0.0125,0.0138,0.0158,0.0123
_SO,10001420,50ETF购3月2550,0.1691,-0.0018,-1.05%,1515,2787663,4485,2.550,146,-867,0.1709,0.1850,0.1910,0.1680
_SO,10001316,50ETF购12月2650,0.0637,-0.0008,-1.24%,6467,4657417,14526,2.650,55,-460,0.0645,0.0687,0.0774,0.0629
_SO,10001503,50ETF购6月2450,0.2615,-0.0034,-1.28%,219,611100,1014,2.450,237,116,0.2649,0.2732,0.2898,0.2615
_SO,10001504,50ETF购6月2500,0.2365,-0.0031,-1.29%,258,651085,1258,2.500,237,122,0.2396,0.2468,0.2592,0.2365
_SO,10001474,50ETF购11月2600,0.0478,-0.0007,-1.44%,123040,69048199,104985,2.600,27,-2858,0.0485,0.0555,0.0630,0.0474
_SO,10001421,50ETF购3月2600,0.1470,-0.0024,-1.61%,1341,2128367,6304,2.600,146,-281,0.1494,0.1600,0.1670,0.1466
_SO,10001419,50ETF购3月2500,0.1924,-0.0032,-1.64%,735,1511243,6460,2.500,146,-186,0.1956,0.2000,0.2175,0.1924
_SO,10001505,50ETF购6月2550,0.2117,-0.0037,-1.72%,466,1051924,1554,2.550,237,277,0.2154,0.2237,0.2369,0.2117
_SO,10001519,50ETF购6月2300,0.3456,-0.0064,-1.82%,928,3453772,943,2.300,237,523,0.3520,0.3682,0.3794,0.3456
_SO,10001522,50ETF沽6月2250,0.0865,-0.0017,-1.93%,552,448630,579,2.250,237,226,0.0882,0.0819,0.0882,0.0742
_SO,10001510,50ETF沽6月2350,0.1211,-0.0024,-1.94%,645,720930,1410,2.350,237,105,0.1235,0.1150,0.1211,0.1059
_SO,10001508,50ETF购6月2700,0.1530,-0.0033,-2.11%,318,528408,466,2.700,237,162,0.1563,0.1614,0.1710,0.1530
_SO,10001507,50ETF购6月2650,0.1707,-0.0038,-2.18%,232,427350,529,2.650,237,63,0.1745,0.1799,0.1893,0.1707
_SO,10001516,50ETF沽6月2650,0.2647,-0.0059,-2.18%,173,436792,604,2.650,237,-5,0.2706,0.2593,0.2655,0.2418
_SO,10001520,50ETF沽6月2300,0.1030,-0.0025,-2.37%,485,462328,811,2.300,237,95,0.1055,0.0980,0.1033,0.0886
_SO,10001517,50ETF沽6月2700,0.2936,-0.0074,-2.46%,119,335820,216,2.700,237,36,0.3010,0.2899,0.2954,0.2692
_SO,10001518,50ETF沽6月2750,0.3241,-0.0083,-2.50%,246,778655,561,2.750,237,77,0.3324,0.3210,0.3281,0.3001
_SO,10001512,50ETF沽6月2450,0.1611,-0.0042,-2.54%,521,788973,1660,2.450,237,-54,0.1653,0.1662,0.1662,0.1422
_SO,10001423,50ETF购3月2700,0.1095,-0.0029,-2.58%,1608,1900912,5052,2.700,146,244,0.1124,0.1216,0.1256,0.1079
_SO,10001515,50ETF沽6月2600,0.2358,-0.0067,-2.76%,239,536579,734,2.600,237,64,0.2425,0.2291,0.2362,0.2127
_SO,10001513,50ETF沽6月2500,0.1830,-0.0056,-2.97%,540,928791,966,2.500,237,-81,0.1886,0.1779,0.1841,0.1640
_SO,10001514,50ETF沽6月2550,0.2086,-0.0064,-2.98%,494,971880,916,2.550,237,-22,0.2150,0.2100,0.2100,0.1874
_SO,10001334,50ETF沽12月2950,0.4390,-0.0150,-3.30%,659,2771112,8701,2.950,55,-287,0.4540,0.4390,0.4412,0.4026
_SO,10001470,50ETF沽3月2850,0.3700,-0.0128,-3.34%,576,2050729,2036,2.850,146,176,0.3828,0.3750,0.3827,0.3449
_SO,10001422,50ETF购3月2650,0.1264,-0.0044,-3.36%,1212,1655152,4286,2.650,146,-174,0.1308,0.1396,0.1452,0.1256
_SO,10001511,50ETF沽6月2400,0.1384,-0.0051,-3.55%,431,561728,1276,2.400,237,184,0.1435,0.1400,0.1400,0.1223
_SO,10001424,50ETF购3月2750,0.0945,-0.0035,-3.57%,764,769600,4963,2.750,146,-33,0.0980,0.1060,0.1084,0.0930
_SO,10001430,50ETF沽3月2600,0.2062,-0.0077,-3.60%,566,1098676,4104,2.600,146,18,0.2139,0.2000,0.2062,0.1834
_SO,10001434,50ETF沽3月2800,0.3303,-0.0127,-3.70%,856,2756474,3120,2.800,146,-133,0.3430,0.3340,0.3455,0.3075
_SO,10001487,50ETF沽11月2800,0.2946,-0.0114,-3.73%,3874,10708556,2735,2.800,27,-340,0.3060,0.2950,0.2992,0.2567
_SO,10001442,50ETF沽3月2200,0.0502,-0.0020,-3.83%,1646,764074,10162,2.200,146,98,0.0522,0.0492,0.0516,0.0417
_SO,10001433,50ETF沽3月2750,0.2959,-0.0118,-3.83%,244,700254,1928,2.750,146,38,0.3077,0.3000,0.3000,0.2754
_SO,10001469,50ETF购3月2850,0.0696,-0.0028,-3.87%,1709,1269469,11822,2.850,146,222,0.0724,0.0738,0.0800,0.0677
_SO,10001425,50ETF购3月2800,0.0815,-0.0034,-4.00%,1255,1090011,10516,2.800,146,105,0.0849,0.0879,0.0931,0.0786
_SO,10001330,50ETF沽12月2900,0.3921,-0.0167,-4.09%,379,1428103,3203,2.900,55,-207,0.4088,0.3912,0.3976,0.3604
_SO,10001488,50ETF沽11月2850,0.3392,-0.0148,-4.18%,2786,8977816,3582,2.850,27,-226,0.3540,0.3410,0.3450,0.3017
_SO,10001329,50ETF沽12月2850,0.3487,-0.0152,-4.18%,775,2547862,2511,2.850,55,-269,0.3639,0.3522,0.3522,0.3150
_SO,10001319,50ETF购12月2800,0.0293,-0.0013,-4.25%,8049,2749323,17080,2.800,55,1053,0.0306,0.0335,0.0369,0.0293
_SO,10001440,50ETF沽3月2250,0.0622,-0.0028,-4.31%,690,408665,8587,2.250,146,-89,0.0650,0.0620,0.0629,0.0522
_SO,10001432,50ETF沽3月2700,0.2628,-0.0123,-4.47%,286,730919,2256,2.700,146,78,0.2751,0.2629,0.2649,0.2424
_SO,10001427,50ETF沽3月2450,0.1306,-0.0062,-4.53%,510,616834,4844,2.450,146,97,0.1368,0.1300,0.1307,0.1148
_SO,10001328,50ETF沽12月2800,0.3062,-0.0151,-4.70%,1476,4281054,3919,2.800,55,-511,0.3213,0.3084,0.3101,0.2742
_SO,10001431,50ETF沽3月2650,0.2315,-0.0115,-4.73%,716,1605098,1312,2.650,146,-124,0.2430,0.2300,0.2351,0.2126
_SO,10001327,50ETF沽12月2750,0.2654,-0.0133,-4.77%,1682,4219224,3500,2.750,55,-334,0.2787,0.2667,0.2712,0.2359
_SO,10001326,50ETF沽12月2700,0.2282,-0.0115,-4.80%,2300,4891563,5438,2.700,55,-581,0.2397,0.2308,0.2316,0.1987
_SO,10001486,50ETF沽11月2750,0.2515,-0.0128,-4.84%,3986,9276041,6024,2.750,27,-570,0.2643,0.2524,0.2538,0.2151
_SO,10001475,50ETF购11月2650,0.0326,-0.0017,-4.96%,70068,27735166,102544,2.650,27,-4633,0.0343,0.0407,0.0448,0.0326
_SO,10001324,50ETF沽12月2600,0.1629,-0.0085,-4.96%,4439,6482316,5232,2.600,55,557,0.1714,0.1641,0.1641,0.1341
_SO,10001438,50ETF沽3月2300,0.0760,-0.0042,-5.24%,714,509979,3528,2.300,146,176,0.0802,0.0736,0.0766,0.0648
_SO,10001436,50ETF沽3月2350,0.0915,-0.0052,-5.38%,875,749232,3305,2.350,146,250,0.0967,0.0957,0.0957,0.0792
_SO,10001426,50ETF沽3月2400,0.1077,-0.0072,-6.27%,519,541379,5503,2.400,146,77,0.1149,0.1085,0.1136,0.0955
_SO,10001428,50ETF沽3月2500,0.1500,-0.0103,-6.43%,1160,1690694,3343,2.500,146,-278,0.1603,0.1500,0.1524,0.1348
_SO,10001325,50ETF沽12月2650,0.1915,-0.0133,-6.49%,3310,5886691,4655,2.650,55,-557,0.2048,0.1986,0.1986,0.1646
_SO,10001429,50ETF沽3月2550,0.1739,-0.0121,-6.51%,521,869239,3212,2.550,146,98,0.1860,0.1727,0.1783,0.1589
_SO,10001485,50ETF沽11月2700,0.2073,-0.0152,-6.83%,6792,13172737,12224,2.700,27,-437,0.2225,0.2101,0.2121,0.1758
_SO,10001484,50ETF沽11月2650,0.1686,-0.0138,-7.57%,19531,30285991,20777,2.650,27,-2832,0.1824,0.1688,0.1746,0.1401
_SO,10001321,50ETF购12月2900,0.0165,-0.0014,-7.82%,8762,1669486,32502,2.900,55,1953,0.0179,0.0192,0.0210,0.0165
_SO,10001323,50ETF沽12月2550,0.1290,-0.0110,-7.86%,5788,6884692,6297,2.550,55,631,0.1400,0.1340,0.1340,0.1073
_SO,10001378,50ETF沽12月2300,0.0359,-0.0034,-8.65%,4833,1534001,11964,2.300,55,210,0.0393,0.0370,0.0370,0.0268
_SO,10001384,50ETF沽12月2250,0.0259,-0.0025,-8.80%,4213,961087,14144,2.250,55,-536,0.0284,0.0269,0.0269,0.0192
_SO,10001332,50ETF沽12月2450,0.0810,-0.0080,-8.99%,5527,4047619,8208,2.450,55,-557,0.0890,0.0866,0.0866,0.0658
_SO,10001322,50ETF沽12月2500,0.1035,-0.0104,-9.13%,8400,7917911,13002,2.500,55,1822,0.1139,0.1083,0.1100,0.0848
_SO,10001412,50ETF沽12月2200,0.0180,-0.0019,-9.55%,9569,1506622,36498,2.200,55,358,0.0199,0.0190,0.0190,0.0133
_SO,10001483,50ETF沽11月2600,0.1339,-0.0142,-9.59%,36810,44808889,39213,2.600,27,-861,0.1481,0.1335,0.1389,0.1080
_SO,10001476,50ETF购11月2700,0.0212,-0.0023,-9.79%,43460,11626093,69422,2.700,27,-1749,0.0235,0.0264,0.0306,0.0212
_SO,10001360,50ETF沽12月2400,0.0634,-0.0070,-9.94%,6409,3628342,11720,2.400,55,525,0.0704,0.0668,0.0668,0.0499
_SO,10001482,50ETF沽11月2550,0.1033,-0.0119,-10.33%,73140,67776194,53899,2.550,27,-321,0.1152,0.1050,0.1073,0.0810
_SO,10001370,50ETF沽12月2350,0.0476,-0.0055,-10.36%,6473,2731740,15685,2.350,55,425,0.0531,0.0480,0.0488,0.0363
_SO,10001481,50ETF沽11月2500,0.0784,-0.0092,-10.50%,124617,86689591,56398,2.500,27,4363,0.0876,0.0745,0.0812,0.0589
_SO,10001480,50ETF沽11月2450,0.0571,-0.0082,-12.56%,99890,50689591,72042,2.450,27,4254,0.0653,0.0590,0.0595,0.0426
_SO,10001492,50ETF沽11月2400,0.0402,-0.0071,-15.01%,71036,25063501,61960,2.400,27,5679,0.0473,0.0412,0.0420,0.0288
_SO,10001477,50ETF购11月2750,0.0130,-0.0025,-16.13%,32589,5527010,62340,2.750,27,1871,0.0155,0.0170,0.0198,0.0130
_SO,10001500,50ETF沽11月2200,0.0066,-0.0015,-18.52%,38272,2194373,62630,2.200,27,-2541,0.0081,0.0070,0.0073,0.0048
_SO,10001491,50ETF沽11月2350,0.0268,-0.0062,-18.79%,49783,11726678,60486,2.350,27,-716,0.0330,0.0280,0.0285,0.0190
_SO,10001478,50ETF购11月2800,0.0077,-0.0019,-19.79%,33121,3530831,76069,2.800,27,4211,0.0096,0.0111,0.0122,0.0077
_SO,10001495,50ETF沽11月2250,0.0108,-0.0027,-20.00%,37746,3289243,51789,2.250,27,-743,0.0135,0.0127,0.0127,0.0066
_SO,10001496,50ETF沽11月2300,0.0173,-0.0047,-21.36%,47732,7106568,84214,2.300,27,1597,0.0220,0.0172,0.0199,0.0119
_SO,10001479,50ETF购11月2850,0.0044,-0.0016,-26.67%,37340,2361986,115530,2.850,27,-1857,0.0060,0.0067,0.0078,0.0043