_SO,10001478,50ETF购11月2800,0.0005,0.0001,25.00%,4906,19863,56194,2.800,6,-1659,0.0004,0.0004,0.0006,0.0002
_SO,10001483,50ETF沽11月2600,0.1199,0.0083,7.44%,21549,26255507,37922,2.600,6,-2581,0.1116,0.1089,0.1334,0.1053
_SO,10001484,50ETF沽11月2650,0.1660,0.0106,6.82%,5764,9770283,12888,2.650,6,-1106,0.1554,0.1501,0.1795,0.1490
_SO,10001485,50ETF沽11月2700,0.2144,0.0114,5.62%,2348,5063598,7942,2.700,6,-81,0.2030,0.2016,0.2279,0.1969
_SO,10001324,50ETF沽12月2600,0.1461,0.0061,4.36%,7554,11295317,10781,2.600,34,267,0.1400,0.1403,0.1571,0.1361
_SO,10001482,50ETF沽11月2550,0.0770,0.0032,4.34%,56376,45176110,53684,2.550,6,-5586,0.0738,0.0707,0.0892,0.0681
_SO,10001486,50ETF沽11月2750,0.2637,0.0107,4.23%,1199,3204285,3131,2.750,6,-461,0.2530,0.2492,0.2783,0.2457
_SO,10001325,50ETF沽12月2650,0.1835,0.0073,4.14%,3283,6115719,6596,2.650,34,216,0.1762,0.1752,0.1951,0.1700
_SO,10001332,50ETF沽12月2450,0.0609,0.0024,4.10%,22712,14234151,27931,2.450,34,2508,0.0585,0.0568,0.0669,0.0561
_SO,10001326,50ETF沽12月2700,0.2231,0.0083,3.86%,3327,7589786,8097,2.700,34,828,0.2148,0.2135,0.2361,0.2132
_SO,10001323,50ETF沽12月2550,0.1132,0.0039,3.57%,17365,20120169,21575,2.550,34,1247,0.1093,0.1092,0.1226,0.1052
_SO,10001327,50ETF沽12月2750,0.2661,0.0087,3.38%,976,2617550,4445,2.750,34,48,0.2574,0.2544,0.2797,0.2542
_SO,10001428,50ETF沽3月2500,0.1390,0.0043,3.19%,1252,1737675,4463,2.500,125,373,0.1347,0.1334,0.1449,0.1334
_SO,10001487,50ETF沽11月2800,0.3124,0.0094,3.10%,568,1789624,1721,2.800,6,-68,0.3030,0.2980,0.3271,0.2974
_SO,10001328,50ETF沽12月2800,0.3123,0.0093,3.07%,795,2498103,4143,2.800,34,30,0.3030,0.2988,0.3251,0.2976
_SO,10001322,50ETF沽12月2500,0.0845,0.0025,3.05%,38745,33667324,37404,2.500,34,4362,0.0820,0.0804,0.0924,0.0782
_SO,10001430,50ETF沽3月2600,0.1937,0.0055,2.92%,1096,2176573,3585,2.600,125,-499,0.1882,0.1878,0.2025,0.1878
_SO,10001427,50ETF沽3月2450,0.1146,0.0031,2.78%,367,426150,4846,2.450,125,-84,0.1115,0.1114,0.1206,0.1112
_SO,10001488,50ETF沽11月2850,0.3624,0.0094,2.66%,480,1747040,4095,2.850,6,-151,0.3530,0.3450,0.3774,0.3450
_SO,10001432,50ETF沽3月2700,0.2586,0.0066,2.62%,297,767997,2449,2.700,125,-120,0.2520,0.2513,0.2696,0.2513
_SO,10001434,50ETF沽3月2800,0.3330,0.0077,2.37%,174,586427,3377,2.800,125,9,0.3253,0.3219,0.3433,0.3219
_SO,10001433,50ETF沽3月2750,0.2950,0.0068,2.36%,116,342817,2169,2.750,125,-56,0.2882,0.2906,0.3064,0.2894
_SO,10001431,50ETF沽3月2650,0.2250,0.0051,2.32%,656,1477384,1296,2.650,125,-351,0.2199,0.2185,0.2344,0.2185
_SO,10001384,50ETF沽12月2250,0.0096,0.0002,2.13%,12313,1166841,50415,2.250,34,2848,0.0094,0.0094,0.0105,0.0083
_SO,10001429,50ETF沽3月2550,0.1643,0.0032,1.99%,844,1429313,3494,2.550,125,119,0.1611,0.1596,0.1738,0.1596
_SO,10001470,50ETF沽3月2850,0.3712,0.0071,1.95%,1218,4617150,3641,2.850,125,624,0.3641,0.3600,0.3859,0.3600
_SO,10001360,50ETF沽12月2400,0.0412,0.0007,1.73%,16717,7170850,29904,2.400,34,1208,0.0405,0.0396,0.0458,0.0382
_SO,10001329,50ETF沽12月2850,0.3576,0.0046,1.30%,527,1907852,2888,2.850,34,168,0.3530,0.3453,0.3722,0.3453
_SO,10001516,50ETF沽6月2650,0.2541,0.0031,1.24%,150,386808,1338,2.650,216,23,0.2510,0.2501,0.2630,0.2500
_SO,10001426,50ETF沽3月2400,0.0925,0.0011,1.20%,1188,1118512,6280,2.400,125,566,0.0914,0.0896,0.0985,0.0896
_SO,10001481,50ETF沽11月2500,0.0433,0.0005,1.17%,145471,67070949,72856,2.500,6,-9379,0.0428,0.0398,0.0526,0.0382
_SO,10001522,50ETF沽6月2250,0.0718,0.0008,1.13%,555,412378,6528,2.250,216,344,0.0710,0.0700,0.0764,0.0700
_SO,10001524,50ETF沽6月2800,0.3512,0.0039,1.12%,220,789078,2179,2.800,216,-56,0.3473,0.3500,0.3622,0.3496
_SO,10001330,50ETF沽12月2900,0.4073,0.0043,1.07%,216,885179,2925,2.900,34,11,0.4030,0.3929,0.4190,0.3929
_SO,10001517,50ETF沽6月2700,0.2842,0.0029,1.03%,112,320906,604,2.700,216,37,0.2813,0.2795,0.2945,0.2794
_SO,10001436,50ETF沽3月2350,0.0744,0.0007,0.95%,1371,1048861,4163,2.350,125,417,0.0737,0.0724,0.0795,0.0717
_SO,10001515,50ETF沽6月2600,0.2244,0.0021,0.94%,330,752186,2367,2.600,216,39,0.2223,0.2242,0.2329,0.2220
_SO,10001438,50ETF沽3月2300,0.0587,0.0004,0.69%,1036,619913,6815,2.300,125,361,0.0583,0.0570,0.0624,0.0570
_SO,10001511,50ETF沽6月2400,0.1255,0.0008,0.64%,1338,1728460,5229,2.400,216,679,0.1247,0.1249,0.1322,0.1243
_SO,10001378,50ETF沽12月2300,0.0162,0.0001,0.62%,16638,2764044,47336,2.300,34,4581,0.0161,0.0155,0.0181,0.0145
_SO,10001334,50ETF沽12月2950,0.4558,0.0028,0.62%,391,1796259,8574,2.950,34,42,0.4530,0.4413,0.4700,0.4413
_SO,10001442,50ETF沽3月2200,0.0343,0.0002,0.59%,2758,966940,16332,2.200,125,1520,0.0341,0.0333,0.0367,0.0327
_SO,10001370,50ETF沽12月2350,0.0268,0.0001,0.37%,13169,3625431,40959,2.350,34,2492,0.0267,0.0260,0.0294,0.0245
_SO,10001513,50ETF沽6月2500,0.1701,0.0004,0.24%,416,722620,2754,2.500,216,15,0.1697,0.1704,0.1781,0.1695
_SO,10001518,50ETF沽6月2750,0.3152,0.0007,0.22%,38,122603,724,2.750,216,3,0.3145,0.3199,0.3279,0.3150
_SO,10001479,50ETF购11月2850,0.0003,0.0000,0.00%,5581,15903,88446,2.850,6,-2394,0.0003,0.0002,0.0004,0.0002
_SO,10001440,50ETF沽3月2250,0.0448,-0.0001,-0.22%,405,187867,10577,2.250,125,114,0.0449,0.0445,0.0483,0.0431
_SO,10001510,50ETF沽6月2350,0.1054,-0.0003,-0.28%,369,399296,2606,2.350,216,73,0.1057,0.1055,0.1116,0.1042
_SO,10001514,50ETF沽6月2550,0.1940,-0.0017,-0.87%,198,396101,2115,2.550,216,24,0.1957,0.1857,0.2041,0.1857
_SO,10001512,50ETF沽6月2450,0.1444,-0.0019,-1.30%,276,415935,3064,2.450,216,32,0.1463,0.1460,0.1543,0.1444
_SO,10001520,50ETF沽6月2300,0.0866,-0.0014,-1.59%,177,160850,2484,2.300,216,43,0.0880,0.0929,0.0935,0.0866
_SO,10001521,50ETF购6月2250,0.3655,-0.0102,-2.71%,71,261509,657,2.250,216,1,0.3757,0.3704,0.3738,0.3573
_SO,10001519,50ETF购6月2300,0.3298,-0.0112,-3.28%,127,420863,2891,2.300,216,23,0.3410,0.3332,0.3410,0.3231
_SO,10001508,50ETF购6月2700,0.1374,-0.0048,-3.38%,84,115772,1852,2.700,216,2,0.1422,0.1422,0.1422,0.1317
_SO,10001441,50ETF购3月2200,0.3516,-0.0124,-3.41%,434,1523467,6097,2.200,125,154,0.3640,0.3630,0.3630,0.3400
_SO,10001501,50ETF购6月2350,0.2983,-0.0108,-3.49%,66,197393,1010,2.350,216,-4,0.3091,0.3150,0.3150,0.2935
_SO,10001412,50ETF沽12月2200,0.0055,-0.0002,-3.51%,11557,633839,58916,2.200,34,191,0.0057,0.0055,0.0061,0.0050
_SO,10001439,50ETF购3月2250,0.3136,-0.0117,-3.60%,163,507438,1346,2.250,125,69,0.3253,0.3230,0.3231,0.3016
_SO,10001504,50ETF购6月2500,0.2179,-0.0082,-3.63%,498,1082812,2911,2.500,216,227,0.2261,0.2253,0.2262,0.2100
_SO,10001437,50ETF购3月2300,0.2783,-0.0106,-3.67%,262,725456,1486,2.300,125,16,0.2889,0.2888,0.2888,0.2670
_SO,10001507,50ETF购6月2650,0.1551,-0.0061,-3.78%,252,386919,1705,2.650,216,-36,0.1612,0.1588,0.1588,0.1486
_SO,10001502,50ETF购6月2400,0.2689,-0.0109,-3.90%,26,69699,1057,2.400,216,15,0.2798,0.2845,0.2845,0.2641
_SO,10001503,50ETF购6月2450,0.2414,-0.0099,-3.94%,61,147771,2254,2.450,216,32,0.2513,0.2469,0.2516,0.2350
_SO,10001411,50ETF购12月2200,0.2980,-0.0131,-4.21%,1799,5352273,6219,2.200,34,662,0.3111,0.3120,0.3220,0.2850
_SO,10001499,50ETF购11月2200,0.2857,-0.0126,-4.22%,690,1966529,3476,2.200,6,-19,0.2983,0.3015,0.3052,0.2728
_SO,10001493,50ETF购11月2250,0.2376,-0.0116,-4.65%,996,2360253,3892,2.250,6,-50,0.2492,0.2518,0.2544,0.2230
_SO,10001435,50ETF购3月2350,0.2425,-0.0125,-4.90%,293,711184,769,2.350,125,34,0.2550,0.2577,0.2577,0.2327
_SO,10001417,50ETF购3月2400,0.2124,-0.0110,-4.92%,630,1330623,2471,2.400,125,99,0.2234,0.2250,0.2250,0.2019
_SO,10001505,50ETF购6月2550,0.1943,-0.0101,-4.94%,178,343894,3358,2.550,216,17,0.2044,0.2060,0.2060,0.1872
_SO,10001506,50ETF购6月2600,0.1730,-0.0090,-4.95%,215,368966,2969,2.600,216,67,0.1820,0.1803,0.1803,0.1678
_SO,10001383,50ETF购12月2250,0.2522,-0.0133,-5.01%,831,2094138,2538,2.250,34,186,0.2655,0.2684,0.2787,0.2399
_SO,10001418,50ETF购3月2450,0.1842,-0.0098,-5.05%,624,1140102,3971,2.450,125,88,0.1940,0.1957,0.1957,0.1753
_SO,10001424,50ETF购3月2750,0.0700,-0.0038,-5.15%,570,389129,5552,2.750,125,10,0.0738,0.0762,0.0762,0.0644
_SO,10001509,50ETF购6月2750,0.1207,-0.0066,-5.18%,640,771475,4282,2.750,216,38,0.1273,0.1277,0.1277,0.1163
_SO,10001523,50ETF购6月2800,0.1060,-0.0059,-5.27%,1482,1536717,3207,2.800,216,-216,0.1119,0.1120,0.1120,0.1019
_SO,10001377,50ETF购12月2300,0.2101,-0.0127,-5.70%,1450,3008413,5068,2.300,34,318,0.2228,0.2246,0.2333,0.1976
_SO,10001494,50ETF购11月2300,0.1886,-0.0116,-5.79%,3408,6277816,5519,2.300,6,1143,0.2002,0.2014,0.2055,0.1748
_SO,10001420,50ETF购3月2550,0.1365,-0.0087,-5.99%,646,871938,5490,2.550,125,137,0.1452,0.1430,0.1436,0.1290
_SO,10001422,50ETF购3月2650,0.0979,-0.0064,-6.14%,1609,1536950,5666,2.650,125,411,0.1043,0.1059,0.1059,0.0912
_SO,10001421,50ETF购3月2600,0.1155,-0.0076,-6.17%,919,1046381,6966,2.600,125,-186,0.1231,0.1247,0.1247,0.1100
_SO,10001419,50ETF购3月2500,0.1586,-0.0105,-6.21%,1157,1811993,6727,2.500,125,257,0.1691,0.1691,0.1691,0.1500
_SO,10001425,50ETF购3月2800,0.0576,-0.0039,-6.34%,1630,923372,13374,2.800,125,42,0.0615,0.0629,0.0629,0.0541
_SO,10001369,50ETF购12月2350,0.1711,-0.0118,-6.45%,2154,3641972,5205,2.350,34,348,0.1829,0.1841,0.1880,0.1591
_SO,10001469,50ETF购3月2850,0.0468,-0.0039,-7.69%,3831,1777014,14273,2.850,125,-518,0.0507,0.0513,0.0515,0.0445
_SO,10001480,50ETF沽11月2450,0.0204,-0.0018,-8.11%,90802,20837979,84033,2.450,6,-7313,0.0222,0.0193,0.0268,0.0180
_SO,10001359,50ETF购12月2400,0.1352,-0.0120,-8.15%,5280,7175954,7432,2.400,34,683,0.1472,0.1477,0.1515,0.1252
_SO,10001423,50ETF购3月2700,0.0811,-0.0073,-8.26%,632,516597,6758,2.700,125,106,0.0884,0.0906,0.0906,0.0776
_SO,10001489,50ETF购11月2350,0.1394,-0.0145,-9.42%,6523,9029263,8314,2.350,6,-183,0.1539,0.1583,0.1588,0.1258
_SO,10001331,50ETF购12月2450,0.1042,-0.0126,-10.79%,12663,13305458,15449,2.450,34,3192,0.1168,0.1196,0.1210,0.0960
_SO,10001313,50ETF购12月2500,0.0783,-0.0109,-12.22%,41977,33248317,46825,2.500,34,4435,0.0892,0.0923,0.0931,0.0718
_SO,10001490,50ETF购11月2400,0.0940,-0.0155,-14.16%,23691,22480340,17547,2.400,6,-347,0.1095,0.1125,0.1135,0.0843
_SO,10001314,50ETF购12月2550,0.0573,-0.0095,-14.22%,29458,17212191,43608,2.550,34,7096,0.0668,0.0687,0.0695,0.0522
_SO,10001492,50ETF沽11月2400,0.0085,-0.0015,-15.00%,55009,5147425,85891,2.400,6,-169,0.0100,0.0090,0.0116,0.0066
_SO,10001315,50ETF购12月2600,0.0406,-0.0077,-15.94%,18358,7606925,47757,2.600,34,2090,0.0483,0.0505,0.0506,0.0366
_SO,10001333,50ETF购12月2950,0.0020,-0.0004,-16.67%,7228,156482,55299,2.950,34,-334,0.0024,0.0023,0.0026,0.0018
_SO,10001321,50ETF购12月2900,0.0030,-0.0007,-18.92%,7552,224660,35251,2.900,34,-3857,0.0037,0.0036,0.0040,0.0025
_SO,10001316,50ETF购12月2650,0.0275,-0.0065,-19.12%,14186,4000812,33418,2.650,34,800,0.0340,0.0346,0.0369,0.0247
_SO,10001495,50ETF沽11月2250,0.0004,-0.0001,-20.00%,3882,17805,41735,2.250,6,-2586,0.0005,0.0005,0.0007,0.0003
_SO,10001491,50ETF沽11月2350,0.0031,-0.0008,-20.51%,22190,720825,72820,2.350,6,-4811,0.0039,0.0036,0.0045,0.0019
_SO,10001471,50ETF购11月2450,0.0570,-0.0149,-20.72%,76125,44503452,48057,2.450,6,1410,0.0719,0.0738,0.0755,0.0496
_SO,10001317,50ETF购12月2700,0.0184,-0.0051,-21.70%,11748,2206655,38133,2.700,34,2049,0.0235,0.0233,0.0245,0.0163
_SO,10001319,50ETF购12月2800,0.0073,-0.0024,-24.74%,11958,912936,35115,2.800,34,1213,0.0097,0.0095,0.0100,0.0063
_SO,10001318,50ETF购12月2750,0.0114,-0.0038,-25.00%,13057,1540063,32802,2.750,34,4388,0.0152,0.0152,0.0165,0.0103
_SO,10001320,50ETF购12月2850,0.0048,-0.0016,-25.00%,9690,495345,32358,2.850,34,1366,0.0064,0.0064,0.0067,0.0041
_SO,10001472,50ETF购11月2500,0.0301,-0.0122,-28.84%,176037,56121304,125878,2.500,6,8714,0.0423,0.0442,0.0454,0.0260
_SO,10001496,50ETF沽11月2300,0.0012,-0.0005,-29.41%,16486,237474,65659,2.300,6,-9150,0.0017,0.0016,0.0019,0.0010
_SO,10001477,50ETF购11月2750,0.0006,-0.0003,-33.33%,8948,66379,56021,2.750,6,-5053,0.0009,0.0009,0.0010,0.0006
_SO,10001475,50ETF购11月2650,0.0028,-0.0016,-36.36%,34706,1041180,96078,2.650,6,-5283,0.0044,0.0045,0.0052,0.0023
_SO,10001473,50ETF购11月2550,0.0136,-0.0090,-39.82%,97448,15420375,155036,2.550,6,4054,0.0226,0.0242,0.0254,0.0121
_SO,10001476,50ETF购11月2700,0.0012,-0.0008,-40.00%,17004,253355,76376,2.700,6,-5590,0.0020,0.0020,0.0024,0.0012
_SO,10001500,50ETF沽11月2200,0.0003,-0.0002,-40.00%,3205,9438,60682,2.200,6,-987,0.0005,0.0003,0.0004,0.0001
_SO,10001474,50ETF购11月2600,0.0060,-0.0044,-42.31%,59486,4145040,136638,2.600,6,-2742,0.0104,0.0106,0.0118,0.0053