_SO,10001492,50ETF沽11月2400,0.0295,0.0033,12.60%,54115,14168851,71879,2.400,21,5775,0.0262,0.0260,0.0297,0.0206
_SO,10001480,50ETF沽11月2450,0.0445,0.0041,10.15%,80571,32245305,86116,2.450,21,10365,0.0404,0.0400,0.0451,0.0323
_SO,10001483,50ETF沽11月2600,0.1190,0.0109,10.08%,50981,54953484,48912,2.600,21,2821,0.1081,0.1011,0.1206,0.0915
_SO,10001482,50ETF沽11月2550,0.0888,0.0081,10.04%,125318,100773180,61610,2.550,21,3049,0.0807,0.0778,0.0906,0.0669
_SO,10001481,50ETF沽11月2500,0.0641,0.0054,9.20%,112299,65717667,75615,2.500,21,4700,0.0587,0.0563,0.0655,0.0478
_SO,10001442,50ETF沽3月2200,0.0465,0.0039,9.15%,1051,462638,12317,2.200,140,340,0.0426,0.0424,0.0469,0.0397
_SO,10001440,50ETF沽3月2250,0.0585,0.0047,8.74%,597,322772,8450,2.250,140,-83,0.0538,0.0535,0.0586,0.0500
_SO,10001496,50ETF沽11月2300,0.0101,0.0008,8.60%,27164,2433558,91153,2.300,21,2988,0.0093,0.0083,0.0103,0.0069
_SO,10001370,50ETF沽12月2350,0.0395,0.0031,8.52%,5044,1831502,16758,2.350,49,830,0.0364,0.0366,0.0402,0.0313
_SO,10001332,50ETF沽12月2450,0.0726,0.0055,8.20%,4569,3042705,10868,2.450,49,569,0.0671,0.0667,0.0737,0.0590
_SO,10001436,50ETF沽3月2350,0.0874,0.0066,8.17%,413,341413,3667,2.350,140,74,0.0808,0.0804,0.0879,0.0748
_SO,10001360,50ETF沽12月2400,0.0545,0.0039,7.71%,5722,2868898,12537,2.400,49,-147,0.0506,0.0501,0.0554,0.0436
_SO,10001485,50ETF沽11月2700,0.1894,0.0134,7.61%,8488,14953193,10996,2.700,21,-204,0.1760,0.1723,0.1926,0.1558
_SO,10001522,50ETF沽6月2250,0.0827,0.0058,7.54%,1332,1023275,2066,2.250,231,428,0.0769,0.0760,0.0827,0.0713
_SO,10001378,50ETF沽12月2300,0.0276,0.0019,7.39%,4146,1061518,14346,2.300,49,1104,0.0257,0.0260,0.0287,0.0220
_SO,10001484,50ETF沽11月2650,0.1508,0.0103,7.33%,21197,29793663,18444,2.650,21,436,0.1405,0.1345,0.1547,0.1215
_SO,10001322,50ETF沽12月2500,0.0942,0.0064,7.29%,13103,11277197,14299,2.500,49,1178,0.0878,0.0868,0.0958,0.0778
_SO,10001491,50ETF沽11月2350,0.0177,0.0012,7.27%,32898,5169074,71183,2.350,21,4750,0.0165,0.0161,0.0180,0.0124
_SO,10001438,50ETF沽3月2300,0.0711,0.0048,7.24%,813,555123,4009,2.300,140,254,0.0663,0.0653,0.0723,0.0615
_SO,10001427,50ETF沽3月2450,0.1258,0.0084,7.16%,1001,1199104,5047,2.450,140,213,0.1174,0.1162,0.1261,0.1096
_SO,10001487,50ETF沽11月2800,0.2768,0.0182,7.04%,2322,6049725,2504,2.800,21,14,0.2586,0.2590,0.2779,0.2350
_SO,10001520,50ETF沽6月2300,0.0984,0.0064,6.96%,353,332175,1817,2.300,231,24,0.0920,0.0910,0.0984,0.0864
_SO,10001426,50ETF沽3月2400,0.1049,0.0067,6.82%,288,285529,5530,2.400,140,59,0.0982,0.0972,0.1056,0.0923
_SO,10001325,50ETF沽12月2650,0.1789,0.0110,6.55%,2263,3800205,4035,2.650,49,97,0.1679,0.1678,0.1807,0.1529
_SO,10001511,50ETF沽6月2400,0.1350,0.0083,6.55%,695,893778,2214,2.400,231,228,0.1267,0.1248,0.1350,0.1194
_SO,10001323,50ETF沽12月2550,0.1181,0.0071,6.40%,6842,7518178,9998,2.550,49,1421,0.1110,0.1097,0.1211,0.0998
_SO,10001486,50ETF沽11月2750,0.2312,0.0136,6.25%,2884,6214135,5580,2.750,21,-86,0.2176,0.2089,0.2337,0.1943
_SO,10001384,50ETF沽12月2250,0.0188,0.0011,6.21%,3876,673902,18139,2.250,49,1344,0.0177,0.0176,0.0197,0.0148
_SO,10001428,50ETF沽3月2500,0.1478,0.0084,6.03%,1221,1705452,3736,2.500,140,183,0.1394,0.1375,0.1485,0.1298
_SO,10001324,50ETF沽12月2600,0.1461,0.0082,5.95%,3708,5133841,6429,2.600,49,262,0.1379,0.1375,0.1494,0.1240
_SO,10001326,50ETF沽12月2700,0.2131,0.0119,5.91%,1991,3996361,5005,2.700,49,450,0.2012,0.2010,0.2161,0.1845
_SO,10001429,50ETF沽3月2550,0.1704,0.0092,5.71%,741,1206978,3310,2.550,140,-122,0.1612,0.1610,0.1730,0.1525
_SO,10001431,50ETF沽3月2650,0.2274,0.0121,5.62%,300,649539,1283,2.650,140,43,0.2153,0.2147,0.2274,0.2041
_SO,10001512,50ETF沽6月2450,0.1550,0.0082,5.59%,455,667367,2527,2.450,231,283,0.1468,0.1454,0.1550,0.1389
_SO,10001430,50ETF沽3月2600,0.1983,0.0105,5.59%,578,1100273,4683,2.600,140,102,0.1878,0.1868,0.1999,0.1733
_SO,10001510,50ETF沽6月2350,0.1145,0.0060,5.53%,294,320996,2457,2.350,231,11,0.1085,0.1077,0.1152,0.1019
_SO,10001488,50ETF沽11月2850,0.3199,0.0157,5.16%,2463,7457676,3836,2.850,21,325,0.3042,0.2950,0.3244,0.2800
_SO,10001432,50ETF沽3月2700,0.2569,0.0124,5.07%,197,483380,2455,2.700,140,54,0.2445,0.2448,0.2569,0.2331
_SO,10001329,50ETF沽12月2850,0.3321,0.0150,4.73%,280,888515,2387,2.850,49,-16,0.3171,0.3107,0.3356,0.2978
_SO,10001434,50ETF沽3月2800,0.3236,0.0132,4.25%,180,561332,3355,2.800,140,31,0.3104,0.3091,0.3239,0.2963
_SO,10001412,50ETF沽12月2200,0.0123,0.0005,4.24%,8072,925116,41473,2.200,49,2821,0.0118,0.0114,0.0129,0.0098
_SO,10001515,50ETF沽6月2600,0.2277,0.0090,4.12%,1320,2833105,1802,2.600,231,151,0.2187,0.2179,0.2277,0.2061
_SO,10001330,50ETF沽12月2900,0.3732,0.0145,4.04%,221,797592,3120,2.900,49,-9,0.3587,0.3556,0.3792,0.3399
_SO,10001328,50ETF沽12月2800,0.2878,0.0111,4.01%,489,1355719,3653,2.800,49,25,0.2767,0.2757,0.2938,0.2582
_SO,10001514,50ETF沽6月2550,0.2003,0.0077,4.00%,398,764198,1721,2.550,231,214,0.1926,0.1947,0.2003,0.1832
_SO,10001433,50ETF沽3月2750,0.2884,0.0109,3.93%,99,274219,2062,2.750,140,-18,0.2775,0.2769,0.2922,0.2645
_SO,10001327,50ETF沽12月2750,0.2470,0.0093,3.91%,433,1027976,3587,2.750,49,78,0.2377,0.2371,0.2530,0.2206
_SO,10001516,50ETF沽6月2650,0.2559,0.0095,3.86%,312,762750,1037,2.650,231,73,0.2464,0.2444,0.2559,0.2333
_SO,10001513,50ETF沽6月2500,0.1747,0.0063,3.74%,469,798891,1839,2.500,231,208,0.1684,0.1680,0.1769,0.1600
_SO,10001470,50ETF沽3月2850,0.3583,0.0122,3.52%,340,1182253,2716,2.850,140,-19,0.3461,0.3449,0.3622,0.3317
_SO,10001334,50ETF沽12月2950,0.4164,0.0122,3.02%,223,888635,8416,2.950,49,-53,0.4042,0.4000,0.4236,0.3834
_SO,10001524,50ETF沽6月2800,0.3480,0.0098,2.90%,27,91537,222,2.800,231,1,0.3382,0.3410,0.3480,0.3249
_SO,10001517,50ETF沽6月2700,0.2832,0.0076,2.76%,95,259844,316,2.700,231,9,0.2756,0.2742,0.2832,0.2610
_SO,10001518,50ETF沽6月2750,0.3136,0.0080,2.62%,88,268201,809,2.750,231,-8,0.3056,0.3052,0.3139,0.2916
_SO,10001495,50ETF沽11月2250,0.0055,0.0001,1.85%,24519,1172958,56463,2.250,21,-100,0.0054,0.0052,0.0057,0.0038
_SO,10001508,50ETF购6月2700,0.1816,-0.0002,-0.11%,654,1196732,1378,2.700,231,404,0.1818,0.1814,0.1947,0.1743
_SO,10001469,50ETF购3月2850,0.0836,-0.0006,-0.71%,1944,1717079,10538,2.850,140,877,0.0842,0.0869,0.0950,0.0830
_SO,10001523,50ETF购6月2800,0.1450,-0.0017,-1.16%,439,648216,1111,2.800,231,244,0.1467,0.1491,0.1561,0.1417
_SO,10001509,50ETF购6月2750,0.1612,-0.0023,-1.41%,696,1134260,3007,2.750,231,396,0.1635,0.1632,0.1743,0.1577
_SO,10001521,50ETF购6月2250,0.4174,-0.0060,-1.42%,199,840201,342,2.250,231,53,0.4234,0.4273,0.4454,0.4128
_SO,10001424,50ETF购3月2750,0.1132,-0.0018,-1.57%,1404,1666102,5343,2.750,140,121,0.1150,0.1184,0.1263,0.1107
_SO,10001502,50ETF购6月2400,0.3186,-0.0057,-1.76%,81,264498,813,2.400,231,6,0.3243,0.3292,0.3400,0.3186
_SO,10001503,50ETF购6月2450,0.2900,-0.0056,-1.89%,240,717045,1722,2.450,231,90,0.2956,0.3006,0.3132,0.2895
_SO,10001425,50ETF购3月2800,0.0979,-0.0021,-2.10%,2067,2124229,11933,2.800,140,743,0.1000,0.1009,0.1098,0.0960
_SO,10001423,50ETF购3月2700,0.1292,-0.0030,-2.27%,1201,1637521,5773,2.700,140,4,0.1322,0.1336,0.1447,0.1272
_SO,10001505,50ETF购6月2550,0.2398,-0.0056,-2.28%,648,1603628,2324,2.550,231,389,0.2454,0.2459,0.2595,0.2386
_SO,10001507,50ETF购6月2650,0.1949,-0.0047,-2.35%,308,623450,1419,2.650,231,97,0.1996,0.2042,0.2136,0.1947
_SO,10001506,50ETF购6月2600,0.2170,-0.0057,-2.56%,1080,2436431,2567,2.600,231,654,0.2227,0.2227,0.2356,0.2145
_SO,10001437,50ETF购3月2300,0.3410,-0.0095,-2.71%,110,392030,3044,2.300,140,-16,0.3505,0.3472,0.3681,0.3393
_SO,10001504,50ETF购6月2500,0.2640,-0.0075,-2.76%,430,1181283,2036,2.500,231,95,0.2715,0.2730,0.2867,0.2614
_SO,10001439,50ETF购3月2250,0.3752,-0.0107,-2.77%,165,642170,1208,2.250,140,-47,0.3859,0.3896,0.4066,0.3719
_SO,10001422,50ETF购3月2650,0.1484,-0.0045,-2.94%,1082,1667354,4595,2.650,140,-75,0.1529,0.1529,0.1653,0.1452
_SO,10001441,50ETF购3月2200,0.4115,-0.0132,-3.11%,202,866790,5739,2.200,140,-9,0.4247,0.4289,0.4464,0.4081
_SO,10001435,50ETF购3月2350,0.3048,-0.0099,-3.15%,186,593362,653,2.350,140,-37,0.3147,0.3223,0.3335,0.3012
_SO,10001417,50ETF购3月2400,0.2733,-0.0090,-3.19%,268,762267,1478,2.400,140,-23,0.2823,0.2830,0.3000,0.2700
_SO,10001500,50ETF沽11月2200,0.0030,-0.0001,-3.23%,13773,372935,60742,2.200,21,-1070,0.0031,0.0031,0.0032,0.0022
_SO,10001501,50ETF购6月2350,0.3433,-0.0116,-3.27%,145,516803,1156,2.350,231,2,0.3549,0.3621,0.3747,0.3433
_SO,10001421,50ETF购3月2600,0.1681,-0.0064,-3.67%,1428,2510919,6638,2.600,140,-55,0.1745,0.1782,0.1875,0.1670
_SO,10001420,50ETF购3月2550,0.1914,-0.0073,-3.67%,1139,2268557,4765,2.550,140,148,0.1987,0.1980,0.2121,0.1882
_SO,10001419,50ETF购3月2500,0.2158,-0.0086,-3.83%,922,2062169,6549,2.500,140,56,0.2244,0.2238,0.2390,0.2150
_SO,10001418,50ETF购3月2450,0.2421,-0.0103,-4.08%,440,1116969,2913,2.450,140,-34,0.2524,0.2519,0.2680,0.2398
_SO,10001411,50ETF购12月2200,0.3537,-0.0163,-4.41%,937,3445453,3510,2.200,49,34,0.3700,0.3726,0.3919,0.3499
_SO,10001499,50ETF购11月2200,0.3350,-0.0181,-5.13%,3193,11348223,3741,2.200,21,320,0.3531,0.3603,0.3783,0.3330
_SO,10001383,50ETF购12月2250,0.3094,-0.0180,-5.50%,320,1037520,1738,2.250,49,5,0.3274,0.3323,0.3466,0.3065
_SO,10001377,50ETF购12月2300,0.2700,-0.0158,-5.53%,468,1321144,3814,2.300,49,-34,0.2858,0.2866,0.3031,0.2658
_SO,10001519,50ETF购6月2300,0.3659,-0.0214,-5.53%,115,449914,1450,2.300,231,8,0.3873,0.3932,0.4060,0.3659
_SO,10001493,50ETF购11月2250,0.2895,-0.0178,-5.79%,1990,6072255,4002,2.250,21,316,0.3073,0.3100,0.3300,0.2856
_SO,10001369,50ETF购12月2350,0.2310,-0.0156,-6.33%,811,1979693,5171,2.350,49,-94,0.2466,0.2461,0.2642,0.2277
_SO,10001313,50ETF购12月2500,0.1371,-0.0094,-6.42%,6098,8909998,13534,2.500,49,965,0.1465,0.1479,0.1618,0.1337
_SO,10001331,50ETF购12月2450,0.1657,-0.0116,-6.54%,2419,4270016,7237,2.450,49,81,0.1773,0.1770,0.1923,0.1617
_SO,10001494,50ETF购11月2300,0.2420,-0.0180,-6.92%,2080,5399776,4177,2.300,21,164,0.2600,0.2610,0.2830,0.2400
_SO,10001315,50ETF购12月2600,0.0915,-0.0071,-7.20%,8577,8463309,18777,2.600,49,810,0.0986,0.0992,0.1090,0.0886
_SO,10001333,50ETF购12月2950,0.0136,-0.0011,-7.48%,9276,1442758,57282,2.950,49,2908,0.0147,0.0153,0.0176,0.0135
_SO,10001314,50ETF购12月2550,0.1123,-0.0091,-7.50%,7833,9502535,15781,2.550,49,223,0.1214,0.1219,0.1343,0.1096
_SO,10001489,50ETF购11月2350,0.2010,-0.0171,-7.84%,5744,12409453,6740,2.350,21,1063,0.2181,0.2230,0.2398,0.1970
_SO,10001319,50ETF购12月2800,0.0342,-0.0030,-8.06%,5659,2167216,18403,2.800,49,1143,0.0372,0.0374,0.0425,0.0333
_SO,10001320,50ETF购12月2850,0.0257,-0.0023,-8.21%,4139,1203234,26008,2.850,49,-216,0.0280,0.0282,0.0324,0.0252
_SO,10001318,50ETF购12月2750,0.0446,-0.0042,-8.61%,5854,2904737,18561,2.750,49,-517,0.0488,0.0487,0.0550,0.0433
_SO,10001359,50ETF购12月2400,0.1917,-0.0187,-8.89%,1767,3715020,4311,2.400,49,-244,0.2104,0.2101,0.2271,0.1917
_SO,10001321,50ETF购12月2900,0.0192,-0.0019,-9.00%,4056,875764,34435,2.900,49,970,0.0211,0.0211,0.0243,0.0190
_SO,10001317,50ETF购12月2700,0.0569,-0.0057,-9.11%,8072,5124231,25426,2.700,49,744,0.0626,0.0627,0.0700,0.0560
_SO,10001490,50ETF购11月2400,0.1608,-0.0168,-9.46%,15172,26821739,16866,2.400,21,848,0.1776,0.1814,0.1978,0.1585
_SO,10001316,50ETF购12月2650,0.0717,-0.0075,-9.47%,8014,6363346,16611,2.650,49,894,0.0792,0.0794,0.0878,0.0705
_SO,10001471,50ETF购11月2450,0.1270,-0.0146,-10.31%,26338,36976220,30760,2.450,21,-891,0.1416,0.1451,0.1588,0.1242
_SO,10001472,50ETF购11月2500,0.0965,-0.0131,-11.95%,69091,74735131,55097,2.500,21,1571,0.1096,0.1126,0.1247,0.0947
_SO,10001473,50ETF购11月2550,0.0717,-0.0109,-13.20%,179988,147200052,102278,2.550,21,8779,0.0826,0.0855,0.0945,0.0701
_SO,10001475,50ETF购11月2650,0.0361,-0.0066,-15.46%,77381,32712915,98521,2.650,21,2039,0.0427,0.0440,0.0489,0.0348
_SO,10001474,50ETF购11月2600,0.0511,-0.0095,-15.68%,139625,83953162,127860,2.600,21,6965,0.0606,0.0630,0.0691,0.0506
_SO,10001476,50ETF购11月2700,0.0237,-0.0054,-18.56%,44714,12527671,79955,2.700,21,3556,0.0291,0.0292,0.0330,0.0231
_SO,10001477,50ETF购11月2750,0.0142,-0.0050,-26.04%,34629,6196589,65824,2.750,21,1653,0.0192,0.0191,0.0220,0.0142
_SO,10001478,50ETF购11月2800,0.0082,-0.0030,-26.79%,31876,3337002,85981,2.800,21,4980,0.0112,0.0116,0.0128,0.0077
_SO,10001479,50ETF购11月2850,0.0045,-0.0021,-31.82%,26600,1625611,131870,2.850,21,3291,0.0066,0.0073,0.0074,0.0044