_SO,10001313,50ETF购12月2500,0.1238,0.0158,14.63%,6941,8365735,13427,2.500,56,408,0.1080,0.1138,0.1300,0.1090
_SO,10001315,50ETF购12月2600,0.0814,0.0103,14.49%,4874,3929164,16358,2.600,56,427,0.0711,0.0738,0.0868,0.0716
_SO,10001314,50ETF购12月2550,0.1006,0.0125,14.19%,4293,4252998,13676,2.550,56,100,0.0881,0.0912,0.1067,0.0888
_SO,10001489,50ETF购11月2350,0.1836,0.0216,13.33%,17726,31797393,9976,2.350,28,-309,0.1620,0.1708,0.1950,0.1629
_SO,10001490,50ETF购11月2400,0.1470,0.0172,13.25%,33321,48389260,22943,2.400,28,156,0.1298,0.1400,0.1592,0.1300
_SO,10001317,50ETF购12月2700,0.0508,0.0058,12.89%,4855,2474643,24992,2.700,56,-24,0.0450,0.0469,0.0556,0.0453
_SO,10001316,50ETF购12月2650,0.0645,0.0072,12.57%,5146,3280621,14986,2.650,56,-54,0.0573,0.0592,0.0700,0.0568
_SO,10001359,50ETF购12月2400,0.1797,0.0200,12.52%,2120,3738265,5308,2.400,56,-602,0.1597,0.1661,0.1875,0.1599
_SO,10001472,50ETF购11月2500,0.0880,0.0094,11.96%,151054,134131613,75620,2.500,28,-337,0.0786,0.0848,0.0978,0.0790
_SO,10001369,50ETF购12月2350,0.2126,0.0220,11.54%,1477,3035634,6248,2.350,56,-153,0.1906,0.1982,0.2209,0.1892
_SO,10001494,50ETF购11月2300,0.2224,0.0230,11.53%,3962,8598750,5431,2.300,28,172,0.1994,0.2083,0.2350,0.1990
_SO,10001471,50ETF购11月2450,0.1154,0.0116,11.18%,74137,85225177,43017,2.450,28,-5369,0.1038,0.1093,0.1269,0.1022
_SO,10001318,50ETF购12月2750,0.0393,0.0039,11.02%,3813,1538142,14266,2.750,56,600,0.0354,0.0368,0.0440,0.0357
_SO,10001377,50ETF购12月2300,0.2485,0.0245,10.94%,529,1286463,4386,2.300,56,-86,0.2240,0.2337,0.2550,0.2208
_SO,10001331,50ETF购12月2450,0.1474,0.0144,10.83%,3309,4805808,7926,2.450,56,-449,0.1330,0.1378,0.1561,0.1325
_SO,10001493,50ETF购11月2250,0.2639,0.0254,10.65%,4175,10797509,4943,2.250,28,-5,0.2385,0.2484,0.2768,0.2381
_SO,10001473,50ETF购11月2550,0.0650,0.0062,10.54%,119893,80832828,94162,2.550,28,-6226,0.0588,0.0646,0.0742,0.0601
_SO,10001411,50ETF购12月2200,0.3298,0.0314,10.52%,952,3023849,3744,2.200,56,60,0.2984,0.3108,0.3377,0.3009
_SO,10001474,50ETF购11月2600,0.0485,0.0044,9.98%,95007,47774537,107843,2.600,28,-1506,0.0441,0.0486,0.0555,0.0450
_SO,10001499,50ETF购11月2200,0.3080,0.0277,9.88%,4566,13802786,3864,2.200,28,-171,0.2803,0.2923,0.3222,0.2809
_SO,10001319,50ETF购12月2800,0.0306,0.0026,9.29%,4070,1275958,16027,2.800,56,-331,0.0280,0.0291,0.0340,0.0276
_SO,10001383,50ETF购12月2250,0.2845,0.0236,9.05%,579,1613233,2201,2.250,56,85,0.2609,0.2725,0.2924,0.2600
_SO,10001469,50ETF购3月2850,0.0725,0.0054,8.05%,1412,1032821,11600,2.850,147,268,0.0671,0.0679,0.0770,0.0670
_SO,10001425,50ETF购3月2800,0.0850,0.0061,7.73%,1567,1325789,10411,2.800,147,-133,0.0789,0.0807,0.0891,0.0796
_SO,10001424,50ETF购3月2750,0.0982,0.0070,7.68%,509,502295,4996,2.750,147,62,0.0912,0.0957,0.1032,0.0921
_SO,10001435,50ETF购3月2350,0.2828,0.0193,7.32%,271,743671,1920,2.350,147,-29,0.2635,0.2700,0.2850,0.2640
_SO,10001419,50ETF购3月2500,0.1956,0.0132,7.24%,526,1024881,6646,2.500,147,-65,0.1824,0.1890,0.2020,0.1833
_SO,10001417,50ETF购3月2400,0.2500,0.0168,7.20%,252,620702,1934,2.400,147,-15,0.2332,0.2400,0.2558,0.2350
_SO,10001418,50ETF购3月2450,0.2202,0.0147,7.15%,269,589376,2965,2.450,147,-21,0.2055,0.2167,0.2281,0.2088
_SO,10001421,50ETF购3月2600,0.1485,0.0089,6.38%,1188,1760862,6585,2.600,147,97,0.1396,0.1454,0.1561,0.1402
_SO,10001423,50ETF购3月2700,0.1124,0.0066,6.24%,609,691876,4808,2.700,147,-76,0.1058,0.1105,0.1190,0.1064
_SO,10001441,50ETF购3月2200,0.3837,0.0221,6.11%,202,763209,5861,2.200,147,-48,0.3616,0.3730,0.3947,0.3663
_SO,10001506,50ETF购6月2600,0.1948,0.0106,5.75%,396,766845,858,2.600,238,143,0.1842,0.1913,0.2005,0.1866
_SO,10001422,50ETF购3月2650,0.1283,0.0068,5.60%,640,840212,4460,2.650,147,107,0.1215,0.1269,0.1367,0.1224
_SO,10001420,50ETF购3月2550,0.1683,0.0086,5.39%,578,992632,5352,2.550,147,114,0.1597,0.1649,0.1780,0.1624
_SO,10001509,50ETF购6月2750,0.1398,0.0071,5.35%,595,835220,1610,2.750,238,331,0.1327,0.1380,0.1458,0.1331
_SO,10001321,50ETF购12月2900,0.0179,0.0009,5.29%,8963,1632147,30549,2.900,56,-2380,0.0170,0.0167,0.0202,0.0164
_SO,10001508,50ETF购6月2700,0.1558,0.0078,5.27%,125,196153,304,2.700,238,28,0.1480,0.1532,0.1618,0.1490
_SO,10001507,50ETF购6月2650,0.1740,0.0086,5.20%,184,318716,466,2.650,238,105,0.1654,0.1718,0.1821,0.1665
_SO,10001501,50ETF购6月2350,0.3220,0.0157,5.13%,210,670116,493,2.350,238,-13,0.3063,0.3169,0.3280,0.3076
_SO,10001320,50ETF购12月2850,0.0230,0.0011,5.02%,5175,1246717,22367,2.850,56,41,0.0219,0.0218,0.0264,0.0211
_SO,10001476,50ETF购11月2700,0.0235,0.0011,4.91%,33600,8646910,71171,2.700,28,-802,0.0224,0.0244,0.0281,0.0222
_SO,10001475,50ETF购11月2650,0.0343,0.0016,4.89%,62027,22624538,107177,2.650,28,-9597,0.0327,0.0355,0.0401,0.0325
_SO,10001439,50ETF购3月2250,0.3450,0.0160,4.86%,193,661636,1369,2.250,147,-80,0.3290,0.3365,0.3568,0.3341
_SO,10001505,50ETF购6月2550,0.2144,0.0096,4.69%,577,1247740,1277,2.550,238,356,0.2048,0.2103,0.2203,0.2092
_SO,10001519,50ETF购6月2300,0.3520,0.0156,4.64%,218,773018,420,2.300,238,159,0.3364,0.3432,0.3623,0.3344
_SO,10001521,50ETF购6月2250,0.3858,0.0152,4.10%,53,203764,96,2.250,238,10,0.3706,0.3790,0.3925,0.3750
_SO,10001437,50ETF购3月2300,0.3065,0.0118,4.00%,272,840937,3720,2.300,147,-86,0.2947,0.3019,0.3204,0.2951
_SO,10001503,50ETF购6月2450,0.2611,0.0091,3.61%,293,771540,898,2.450,238,14,0.2520,0.2622,0.2705,0.2551
_SO,10001502,50ETF购6月2400,0.2870,0.0094,3.39%,345,995023,673,2.400,238,158,0.2776,0.2859,0.2984,0.2796
_SO,10001504,50ETF购6月2500,0.2350,0.0068,2.98%,580,1384863,1136,2.500,238,201,0.2282,0.2346,0.2465,0.2296
_SO,10001477,50ETF购11月2750,0.0155,0.0004,2.65%,27955,4855719,60469,2.750,28,2240,0.0151,0.0161,0.0193,0.0143
_SO,10001517,50ETF沽6月2700,0.3081,-0.0064,-2.03%,80,244669,180,2.700,238,-14,0.3145,0.3114,0.3179,0.2957
_SO,10001333,50ETF购12月2950,0.0125,-0.0003,-2.34%,7647,1065226,51541,2.950,56,1978,0.0128,0.0127,0.0154,0.0122
_SO,10001515,50ETF沽6月2600,0.2461,-0.0077,-3.03%,201,497124,670,2.600,238,81,0.2538,0.2516,0.2539,0.2374
_SO,10001440,50ETF沽3月2250,0.0662,-0.0022,-3.22%,589,384806,8676,2.250,147,-51,0.0684,0.0657,0.0687,0.0617
_SO,10001512,50ETF沽6月2450,0.1680,-0.0059,-3.39%,163,276200,1714,2.450,238,125,0.1739,0.1726,0.1770,0.1612
_SO,10001513,50ETF沽6月2500,0.1920,-0.0071,-3.57%,183,354832,1047,2.500,238,119,0.1991,0.1988,0.2002,0.1851
_SO,10001522,50ETF沽6月2250,0.0882,-0.0035,-3.82%,126,112014,353,2.250,238,6,0.0917,0.0900,0.0949,0.0850
_SO,10001442,50ETF沽3月2200,0.0522,-0.0021,-3.87%,1383,723027,10064,2.200,147,-129,0.0543,0.0534,0.0559,0.0500
_SO,10001478,50ETF购11月2800,0.0096,-0.0004,-4.00%,32597,3632077,71858,2.800,28,4825,0.0100,0.0115,0.0124,0.0090
_SO,10001511,50ETF沽6月2400,0.1451,-0.0064,-4.22%,290,426583,1092,2.400,238,194,0.1515,0.1486,0.1504,0.1393
_SO,10001516,50ETF沽6月2650,0.2706,-0.0124,-4.38%,99,273688,609,2.650,238,69,0.2830,0.2795,0.2795,0.2646
_SO,10001428,50ETF沽3月2500,0.1619,-0.0076,-4.48%,433,702594,3621,2.500,147,54,0.1695,0.1655,0.1718,0.1541
_SO,10001438,50ETF沽3月2300,0.0810,-0.0038,-4.48%,547,437504,3352,2.300,147,93,0.0848,0.0795,0.0851,0.0765
_SO,10001430,50ETF沽3月2600,0.2167,-0.0103,-4.54%,549,1193542,4086,2.600,147,111,0.2270,0.2164,0.2283,0.2073
_SO,10001436,50ETF沽3月2350,0.0981,-0.0047,-4.57%,431,408868,3055,2.350,147,188,0.1028,0.1015,0.1031,0.0917
_SO,10001518,50ETF沽6月2750,0.3324,-0.0159,-4.57%,135,455998,484,2.750,238,33,0.3483,0.3313,0.3483,0.3275
_SO,10001470,50ETF沽3月2850,0.3828,-0.0184,-4.59%,194,748681,1860,2.850,147,41,0.4012,0.3850,0.4027,0.3733
_SO,10001514,50ETF沽6月2550,0.2150,-0.0105,-4.66%,575,1240314,938,2.550,238,143,0.2255,0.2222,0.2266,0.2100
_SO,10001329,50ETF沽12月2850,0.3689,-0.0184,-4.75%,509,1873375,2780,2.850,56,-243,0.3873,0.3896,0.3896,0.3528
_SO,10001429,50ETF沽3月2550,0.1884,-0.0094,-4.75%,480,898541,3114,2.550,147,-51,0.1978,0.1929,0.1969,0.1787
_SO,10001328,50ETF沽12月2800,0.3288,-0.0167,-4.83%,552,1802427,4430,2.800,56,-164,0.3455,0.3327,0.3461,0.3110
_SO,10001427,50ETF沽3月2450,0.1383,-0.0075,-5.14%,767,1056626,4747,2.450,147,-93,0.1458,0.1442,0.1463,0.1314
_SO,10001510,50ETF沽6月2350,0.1235,-0.0067,-5.15%,228,281124,1305,2.350,238,12,0.1302,0.1298,0.1328,0.1184
_SO,10001433,50ETF沽3月2750,0.3077,-0.0169,-5.21%,111,348060,1890,2.750,147,37,0.3246,0.3191,0.3282,0.3026
_SO,10001434,50ETF沽3月2800,0.3430,-0.0189,-5.22%,367,1262619,3253,2.800,147,-121,0.3619,0.3543,0.3643,0.3371
_SO,10001334,50ETF沽12月2950,0.4598,-0.0272,-5.59%,310,1441620,8988,2.950,56,-28,0.4870,0.4652,0.4758,0.4500
_SO,10001426,50ETF沽3月2400,0.1149,-0.0072,-5.90%,179,207493,5426,2.400,147,-15,0.1221,0.1197,0.1225,0.1100
_SO,10001431,50ETF沽3月2650,0.2424,-0.0159,-6.16%,250,619600,1436,2.650,147,-31,0.2583,0.2496,0.2595,0.2363
_SO,10001432,50ETF沽3月2700,0.2751,-0.0183,-6.24%,211,590887,2178,2.700,147,10,0.2934,0.2826,0.2927,0.2684
_SO,10001330,50ETF沽12月2900,0.4088,-0.0282,-6.45%,249,1033714,3410,2.900,56,-59,0.4370,0.4219,0.4335,0.4000
_SO,10001520,50ETF沽6月2300,0.1030,-0.0083,-7.46%,31,32829,716,2.300,238,-7,0.1113,0.1102,0.1126,0.1011
_SO,10001412,50ETF沽12月2200,0.0199,-0.0017,-7.87%,9522,1969579,36140,2.200,56,-1301,0.0216,0.0209,0.0233,0.0170
_SO,10001327,50ETF沽12月2750,0.2787,-0.0255,-8.38%,805,2315620,3834,2.750,56,-51,0.3042,0.2934,0.3061,0.2706
_SO,10001488,50ETF沽11月2850,0.3523,-0.0347,-8.97%,2546,9226756,3808,2.850,28,146,0.3870,0.3700,0.3845,0.3410
_SO,10001487,50ETF沽11月2800,0.3059,-0.0311,-9.23%,2903,9171768,3075,2.800,28,-124,0.3370,0.3298,0.3384,0.2950
_SO,10001325,50ETF沽12月2650,0.2043,-0.0208,-9.24%,2288,4850596,5212,2.650,56,-508,0.2251,0.2183,0.2274,0.1970
_SO,10001486,50ETF沽11月2750,0.2643,-0.0277,-9.49%,3456,9408029,6594,2.750,28,-385,0.2920,0.2839,0.2937,0.2523
_SO,10001326,50ETF沽12月2700,0.2397,-0.0254,-9.58%,1915,4745009,6019,2.700,56,-99,0.2651,0.2559,0.2655,0.2323
_SO,10001324,50ETF沽12月2600,0.1714,-0.0193,-10.12%,1610,2855558,4675,2.600,56,-142,0.1907,0.1836,0.1919,0.1650
_SO,10001384,50ETF沽12月2250,0.0284,-0.0032,-10.13%,4271,1283015,14680,2.250,56,-1051,0.0316,0.0304,0.0330,0.0261
_SO,10001378,50ETF沽12月2300,0.0393,-0.0047,-10.68%,4435,1823432,11754,2.300,56,-2341,0.0440,0.0423,0.0459,0.0362
_SO,10001485,50ETF沽11月2700,0.2223,-0.0269,-10.79%,4441,10213440,12661,2.700,28,-572,0.2492,0.2427,0.2515,0.2119
_SO,10001322,50ETF沽12月2500,0.1142,-0.0139,-10.85%,5429,6406937,11180,2.500,56,1262,0.1281,0.1236,0.1316,0.1077
_SO,10001360,50ETF沽12月2400,0.0704,-0.0092,-11.56%,4237,3088462,11195,2.400,56,-146,0.0796,0.0764,0.0814,0.0659
_SO,10001323,50ETF沽12月2550,0.1392,-0.0187,-11.84%,2324,3356938,5666,2.550,56,106,0.1579,0.1492,0.1594,0.1348
_SO,10001332,50ETF沽12月2450,0.0890,-0.0120,-11.88%,4436,4178049,8765,2.450,56,495,0.1010,0.0965,0.1045,0.0850
_SO,10001484,50ETF沽11月2650,0.1824,-0.0255,-12.27%,7753,14763368,23609,2.650,28,-783,0.2079,0.1990,0.2112,0.1740
_SO,10001370,50ETF沽12月2350,0.0531,-0.0077,-12.66%,5110,2833029,15260,2.350,56,-68,0.0608,0.0580,0.0624,0.0490
_SO,10001479,50ETF购11月2850,0.0060,-0.0009,-13.04%,33467,2444859,117387,2.850,28,2701,0.0069,0.0072,0.0083,0.0058
_SO,10001483,50ETF沽11月2600,0.1481,-0.0224,-13.14%,25651,39388907,40074,2.600,28,-1600,0.1705,0.1633,0.1738,0.1388
_SO,10001482,50ETF沽11月2550,0.1152,-0.0200,-14.79%,43498,52702107,54220,2.550,28,-1417,0.1352,0.1289,0.1393,0.1070
_SO,10001481,50ETF沽11月2500,0.0876,-0.0186,-17.51%,88285,82416745,52035,2.500,28,7089,0.1062,0.0999,0.1090,0.0820
_SO,10001492,50ETF沽11月2400,0.0473,-0.0109,-18.73%,75117,37918799,56281,2.400,28,3867,0.0582,0.0538,0.0598,0.0430
_SO,10001491,50ETF沽11月2350,0.0330,-0.0077,-18.92%,52712,18425257,61202,2.350,28,-1103,0.0407,0.0356,0.0423,0.0294
_SO,10001496,50ETF沽11月2300,0.0220,-0.0053,-19.41%,39589,9153194,82617,2.300,28,655,0.0273,0.0241,0.0285,0.0193
_SO,10001480,50ETF沽11月2450,0.0653,-0.0163,-19.98%,119892,84354530,67788,2.450,28,12242,0.0816,0.0756,0.0820,0.0609
_SO,10001495,50ETF沽11月2250,0.0135,-0.0036,-21.05%,41611,6038179,52532,2.250,28,-7456,0.0171,0.0160,0.0183,0.0119
_SO,10001500,50ETF沽11月2200,0.0081,-0.0023,-22.12%,28275,2459555,65171,2.200,28,2139,0.0104,0.0095,0.0109,0.0072