_SO,10001491,50ETF沽11月2350,0.0285,0.0038,15.38%,47191,13006759,53854,2.350,33,5019,0.0247,0.0227,0.0330,0.0203
_SO,10001492,50ETF沽11月2400,0.0414,0.0049,13.42%,73614,29665184,52518,2.400,33,-2032,0.0365,0.0310,0.0481,0.0300
_SO,10001480,50ETF沽11月2450,0.0588,0.0065,12.43%,86274,49780546,52582,2.450,33,-947,0.0523,0.0467,0.0678,0.0455
_SO,10001481,50ETF沽11月2500,0.0800,0.0083,11.58%,134626,106097408,47219,2.500,33,465,0.0717,0.0656,0.0920,0.0640
_SO,10001482,50ETF沽11月2550,0.1059,0.0093,9.63%,77759,80260670,51733,2.550,33,3657,0.0966,0.0848,0.1196,0.0841
_SO,10001483,50ETF沽11月2600,0.1360,0.0110,8.80%,40123,53750356,39502,2.600,33,4420,0.1250,0.1220,0.1513,0.1127
_SO,10001426,50ETF沽3月2400,0.1044,0.0084,8.75%,835,856248,5486,2.400,152,122,0.0960,0.0960,0.1110,0.0920
_SO,10001438,50ETF沽3月2300,0.0708,0.0048,7.27%,980,673671,2986,2.300,152,-119,0.0660,0.0660,0.0766,0.0617
_SO,10001484,50ETF沽11月2650,0.1690,0.0113,7.17%,16456,27432181,21008,2.650,33,2396,0.1577,0.1538,0.1877,0.1440
_SO,10001360,50ETF沽12月2400,0.0604,0.0038,6.71%,3839,2344841,11272,2.400,61,670,0.0566,0.0566,0.0687,0.0501
_SO,10001485,50ETF沽11月2700,0.2059,0.0129,6.68%,4356,8807557,12192,2.700,33,-62,0.1930,0.1917,0.2265,0.1788
_SO,10001334,50ETF沽12月2950,0.4463,0.0273,6.52%,666,2852611,8723,2.950,61,47,0.4190,0.4113,0.4474,0.3970
_SO,10001332,50ETF沽12月2450,0.0790,0.0048,6.47%,3316,2593844,7708,2.450,61,367,0.0742,0.0741,0.0890,0.0667
_SO,10001486,50ETF沽11月2750,0.2490,0.0151,6.46%,3634,8801923,8070,2.750,33,-106,0.2339,0.2311,0.2674,0.2164
_SO,10001511,50ETF沽6月2400,0.1330,0.0080,6.40%,172,222387,239,2.400,243,77,0.1250,0.1271,0.1400,0.1192
_SO,10001515,50ETF沽6月2600,0.2296,0.0137,6.35%,319,713529,285,2.600,243,123,0.2159,0.2137,0.2380,0.2076
_SO,10001513,50ETF沽6月2500,0.1760,0.0104,6.28%,242,416748,395,2.500,243,81,0.1656,0.1619,0.1838,0.1588
_SO,10001436,50ETF沽3月2350,0.0858,0.0050,6.19%,371,315098,3003,2.350,152,-17,0.0808,0.0806,0.0912,0.0760
_SO,10001510,50ETF沽6月2350,0.1125,0.0065,6.13%,824,924482,1248,2.350,243,472,0.1060,0.1057,0.1200,0.1011
_SO,10001427,50ETF沽3月2450,0.1238,0.0067,5.72%,816,979748,4546,2.450,152,36,0.1171,0.1168,0.1316,0.1096
_SO,10001516,50ETF沽6月2650,0.2572,0.0139,5.71%,292,736167,317,2.650,243,142,0.2433,0.2398,0.2664,0.2342
_SO,10001487,50ETF沽11月2800,0.2901,0.0153,5.57%,4450,12699342,3676,2.800,33,200,0.2748,0.2733,0.3100,0.2569
_SO,10001329,50ETF沽12月2850,0.3478,0.0183,5.55%,162,547364,3062,2.850,61,62,0.3295,0.3292,0.3607,0.3137
_SO,10001512,50ETF沽6月2450,0.1539,0.0080,5.48%,780,1177731,974,2.450,243,652,0.1459,0.1456,0.1619,0.1382
_SO,10001514,50ETF沽6月2550,0.2008,0.0101,5.30%,287,566932,553,2.550,243,151,0.1907,0.1882,0.2100,0.1825
_SO,10001442,50ETF沽3月2200,0.0450,0.0022,5.14%,1770,786596,10042,2.200,152,200,0.0428,0.0409,0.0491,0.0392
_SO,10001322,50ETF沽12月2500,0.1014,0.0049,5.08%,5660,5736625,10572,2.500,61,119,0.0965,0.0932,0.1126,0.0866
_SO,10001428,50ETF沽3月2500,0.1464,0.0069,4.95%,745,1070207,3241,2.500,152,17,0.1395,0.1368,0.1539,0.1308
_SO,10001488,50ETF沽11月2850,0.3362,0.0158,4.93%,3397,11131611,3448,2.850,33,711,0.3204,0.3133,0.3555,0.3009
_SO,10001325,50ETF沽12月2650,0.1883,0.0088,4.90%,925,1684295,4981,2.650,61,56,0.1795,0.1725,0.2031,0.1662
_SO,10001324,50ETF沽12月2600,0.1561,0.0070,4.69%,2557,3964542,4859,2.600,61,131,0.1491,0.1374,0.1704,0.1363
_SO,10001370,50ETF沽12月2350,0.0448,0.0020,4.67%,3989,1853042,14318,2.350,61,96,0.0428,0.0422,0.0511,0.0364
_SO,10001432,50ETF沽3月2700,0.2589,0.0113,4.56%,205,521930,2113,2.700,152,-16,0.2476,0.2470,0.2688,0.2357
_SO,10001327,50ETF沽12月2750,0.2614,0.0114,4.56%,669,1726137,3962,2.750,61,96,0.2500,0.2433,0.2780,0.2353
_SO,10001326,50ETF沽12月2700,0.2235,0.0096,4.49%,567,1239417,5018,2.700,61,113,0.2139,0.2114,0.2373,0.1998
_SO,10001323,50ETF沽12月2550,0.1264,0.0054,4.46%,4081,5124754,6033,2.550,61,-468,0.1210,0.1188,0.1400,0.1096
_SO,10001517,50ETF沽6月2700,0.2845,0.0118,4.33%,106,297393,88,2.700,243,37,0.2727,0.2708,0.2932,0.2644
_SO,10001431,50ETF沽3月2650,0.2275,0.0094,4.31%,299,659312,1494,2.650,152,31,0.2181,0.2147,0.2392,0.2072
_SO,10001496,50ETF沽11月2300,0.0176,0.0007,4.14%,43346,7682305,71325,2.300,33,4317,0.0169,0.0154,0.0215,0.0128
_SO,10001433,50ETF沽3月2750,0.2895,0.0112,4.02%,65,183394,1776,2.750,152,20,0.2783,0.2846,0.3004,0.2674
_SO,10001429,50ETF沽3月2550,0.1711,0.0065,3.95%,670,1106853,3187,2.550,152,-16,0.1646,0.1585,0.1783,0.1535
_SO,10001434,50ETF沽3月2800,0.3243,0.0120,3.84%,270,875673,3150,2.800,152,115,0.3123,0.3062,0.3374,0.3018
_SO,10001430,50ETF沽3月2600,0.1970,0.0072,3.79%,454,888108,4020,2.600,152,134,0.1898,0.1884,0.2091,0.1797
_SO,10001518,50ETF沽6月2750,0.3153,0.0114,3.75%,192,598544,198,2.750,243,77,0.3039,0.3046,0.3251,0.2952
_SO,10001495,50ETF沽11月2250,0.0111,0.0004,3.74%,30901,3461105,54364,2.250,33,6105,0.0107,0.0098,0.0142,0.0080
_SO,10001384,50ETF沽12月2250,0.0227,0.0008,3.65%,2960,699214,14323,2.250,61,-471,0.0219,0.0217,0.0270,0.0182
_SO,10001328,50ETF沽12月2800,0.3012,0.0102,3.51%,400,1186222,4643,2.800,61,120,0.2910,0.2850,0.3179,0.2738
_SO,10001330,50ETF沽12月2900,0.3878,0.0128,3.41%,107,402001,3085,2.900,61,-1,0.3750,0.3649,0.3966,0.3550
_SO,10001440,50ETF沽3月2250,0.0559,0.0018,3.33%,515,281162,8476,2.250,152,24,0.0541,0.0545,0.0610,0.0499
_SO,10001378,50ETF沽12月2300,0.0323,0.0010,3.19%,2853,960963,13565,2.300,61,627,0.0313,0.0306,0.0380,0.0262
_SO,10001470,50ETF沽3月2850,0.3614,0.0075,2.12%,460,1674454,1722,2.850,152,168,0.3539,0.3522,0.3755,0.3369
_SO,10001412,50ETF沽12月2200,0.0156,0.0003,1.96%,7318,1140764,33788,2.200,61,2081,0.0153,0.0122,0.0185,0.0122
_SO,10001477,50ETF购11月2750,0.0237,0.0004,1.72%,36890,9298778,51250,2.750,33,1315,0.0233,0.0260,0.0305,0.0212
_SO,10001476,50ETF购11月2700,0.0336,0.0001,0.30%,61309,21803105,63703,2.700,33,5616,0.0335,0.0379,0.0424,0.0302
_SO,10001333,50ETF购12月2950,0.0161,-0.0003,-1.83%,7913,1345735,45995,2.950,61,168,0.0164,0.0171,0.0198,0.0152
_SO,10001502,50ETF购6月2400,0.3082,-0.0075,-2.38%,76,240348,120,2.400,243,14,0.3157,0.3276,0.3276,0.3023
_SO,10001419,50ETF购3月2500,0.2063,-0.0058,-2.73%,1031,2145583,6413,2.500,152,-21,0.2121,0.2165,0.2249,0.1950
_SO,10001469,50ETF购3月2850,0.0764,-0.0022,-2.80%,1412,1094780,10958,2.850,152,-130,0.0786,0.0801,0.0854,0.0719
_SO,10001441,50ETF购3月2200,0.4000,-0.0116,-2.82%,538,2189774,5354,2.200,152,241,0.4116,0.4133,0.4285,0.3847
_SO,10001421,50ETF购3月2600,0.1591,-0.0047,-2.87%,1487,2409837,6304,2.600,152,375,0.1638,0.1679,0.1747,0.1500
_SO,10001500,50ETF沽11月2200,0.0066,-0.0002,-2.94%,27147,1860006,46431,2.200,33,5744,0.0068,0.0056,0.0084,0.0050
_SO,10001478,50ETF购11月2800,0.0152,-0.0005,-3.18%,36231,6237448,60187,2.800,33,4393,0.0157,0.0180,0.0212,0.0148
_SO,10001501,50ETF购6月2350,0.3380,-0.0114,-3.26%,208,719196,259,2.350,243,49,0.3494,0.3589,0.3598,0.3300
_SO,10001493,50ETF购11月2250,0.2834,-0.0096,-3.28%,3590,10507666,3106,2.250,33,18,0.2930,0.3080,0.3190,0.2677
_SO,10001418,50ETF购3月2450,0.2312,-0.0079,-3.30%,346,818169,2763,2.450,152,-18,0.2391,0.2400,0.2530,0.2239
_SO,10001423,50ETF购3月2700,0.1197,-0.0041,-3.31%,588,698995,4752,2.700,152,-47,0.1238,0.1275,0.1321,0.1133
_SO,10001503,50ETF购6月2450,0.2783,-0.0096,-3.33%,225,635020,584,2.450,243,124,0.2879,0.2843,0.3000,0.2703
_SO,10001425,50ETF购3月2800,0.0886,-0.0031,-3.38%,634,573283,10432,2.800,152,68,0.0917,0.0928,0.0988,0.0849
_SO,10001420,50ETF购3月2550,0.1805,-0.0065,-3.48%,1266,2331756,4978,2.550,152,310,0.1870,0.1929,0.1976,0.1710
_SO,10001506,50ETF购6月2600,0.2070,-0.0075,-3.50%,282,591387,371,2.600,243,158,0.2145,0.2104,0.2237,0.1992
_SO,10001504,50ETF购6月2500,0.2540,-0.0095,-3.61%,341,875392,740,2.500,243,149,0.2635,0.2658,0.2722,0.2430
_SO,10001417,50ETF购3月2400,0.2603,-0.0099,-3.66%,327,855134,1858,2.400,152,30,0.2702,0.2742,0.2828,0.2501
_SO,10001505,50ETF购6月2550,0.2287,-0.0088,-3.71%,763,1783001,677,2.550,243,163,0.2375,0.2390,0.2473,0.2211
_SO,10001499,50ETF购11月2200,0.3300,-0.0128,-3.73%,3610,12196177,2731,2.200,33,285,0.3428,0.3500,0.3653,0.3128
_SO,10001439,50ETF购3月2250,0.3607,-0.0143,-3.81%,381,1409899,1541,2.250,152,61,0.3750,0.3789,0.3870,0.3514
_SO,10001509,50ETF购6月2750,0.1495,-0.0060,-3.86%,733,1117679,748,2.750,243,185,0.1555,0.1575,0.1630,0.1430
_SO,10001318,50ETF购12月2750,0.0459,-0.0019,-3.97%,3882,1828746,13284,2.750,61,-198,0.0478,0.0491,0.0549,0.0416
_SO,10001437,50ETF购3月2300,0.3234,-0.0136,-4.04%,213,695944,3818,2.300,152,26,0.3370,0.3385,0.3525,0.3160
_SO,10001424,50ETF购3月2750,0.1033,-0.0044,-4.09%,371,385715,4793,2.750,152,31,0.1077,0.1082,0.1140,0.0975
_SO,10001411,50ETF购12月2200,0.3460,-0.0150,-4.16%,434,1538295,3405,2.200,61,130,0.3610,0.3617,0.3808,0.3298
_SO,10001422,50ETF购3月2650,0.1370,-0.0061,-4.26%,702,974164,4191,2.650,152,94,0.1431,0.1442,0.1517,0.1301
_SO,10001490,50ETF购11月2400,0.1657,-0.0076,-4.39%,21921,37218955,16967,2.400,33,1131,0.1733,0.1840,0.1931,0.1508
_SO,10001377,50ETF购12月2300,0.2658,-0.0124,-4.46%,745,1950537,4470,2.300,61,-336,0.2782,0.2797,0.2951,0.2497
_SO,10001369,50ETF购12月2350,0.2287,-0.0107,-4.47%,1011,2336895,5528,2.350,61,-92,0.2394,0.2416,0.2577,0.2139
_SO,10001316,50ETF购12月2650,0.0725,-0.0035,-4.61%,4632,3507229,14128,2.650,61,900,0.0760,0.0785,0.0860,0.0674
_SO,10001494,50ETF购11月2300,0.2416,-0.0123,-4.84%,4447,10976014,3644,2.300,33,-38,0.2539,0.2604,0.2743,0.2250
_SO,10001321,50ETF购12月2900,0.0213,-0.0011,-4.91%,3447,762204,29190,2.900,61,170,0.0224,0.0235,0.0261,0.0195
_SO,10001314,50ETF购12月2550,0.1108,-0.0058,-4.97%,5124,5876247,12917,2.550,61,887,0.1166,0.1199,0.1291,0.1027
_SO,10001508,50ETF购6月2700,0.1650,-0.0087,-5.01%,195,325744,164,2.700,243,32,0.1737,0.1767,0.1794,0.1603
_SO,10001359,50ETF购12月2400,0.1936,-0.0104,-5.10%,715,1432085,5088,2.400,61,-7,0.2040,0.2075,0.2185,0.1811
_SO,10001475,50ETF购11月2650,0.0455,-0.0025,-5.21%,106027,51740816,94722,2.650,33,14667,0.0480,0.0527,0.0580,0.0417
_SO,10001319,50ETF购12月2800,0.0360,-0.0020,-5.26%,2363,854436,16301,2.800,61,-28,0.0380,0.0383,0.0431,0.0324
_SO,10001313,50ETF购12月2500,0.1356,-0.0076,-5.31%,4178,5827431,11704,2.500,61,334,0.1432,0.1460,0.1558,0.1251
_SO,10001435,50ETF购3月2350,0.2860,-0.0164,-5.42%,220,651305,1945,2.350,152,8,0.3024,0.3012,0.3174,0.2810
_SO,10001489,50ETF购11月2350,0.2021,-0.0123,-5.74%,9780,20074027,7093,2.350,33,382,0.2144,0.2224,0.2325,0.1856
_SO,10001473,50ETF购11月2550,0.0803,-0.0050,-5.86%,151191,126743968,82863,2.550,33,12151,0.0853,0.0939,0.0988,0.0732
_SO,10001474,50ETF购11月2600,0.0608,-0.0038,-5.88%,121387,78636481,93006,2.600,33,10562,0.0646,0.0737,0.0766,0.0554
_SO,10001315,50ETF购12月2600,0.0900,-0.0057,-5.96%,5829,5434817,14993,2.600,61,1491,0.0957,0.1001,0.1062,0.0832
_SO,10001472,50ETF购11月2500,0.1043,-0.0067,-6.04%,107303,114505349,57355,2.500,33,7438,0.1110,0.1170,0.1257,0.0942
_SO,10001331,50ETF购12月2450,0.1616,-0.0105,-6.10%,1849,3104571,7692,2.450,61,181,0.1721,0.1748,0.1857,0.1517
_SO,10001317,50ETF购12月2700,0.0571,-0.0039,-6.39%,5188,3135409,20676,2.700,61,606,0.0610,0.0630,0.0696,0.0534
_SO,10001320,50ETF购12月2850,0.0272,-0.0019,-6.53%,3157,906347,20596,2.850,61,641,0.0291,0.0303,0.0336,0.0252
_SO,10001471,50ETF购11月2450,0.1310,-0.0092,-6.56%,33972,46239888,29737,2.450,33,325,0.1402,0.1481,0.1576,0.1202
_SO,10001507,50ETF购6月2650,0.1792,-0.0138,-7.15%,151,280422,286,2.650,243,65,0.1930,0.1988,0.1990,0.1792
_SO,10001383,50ETF购12月2250,0.2948,-0.0229,-7.21%,246,763596,1659,2.250,61,25,0.3177,0.3241,0.3253,0.2887
_SO,10001479,50ETF购11月2850,0.0095,-0.0013,-12.04%,54667,6238834,103715,2.850,33,12830,0.0108,0.0134,0.0144,0.0094