_SO,10001490,50ETF购11月2400,0.1376,0.0125,9.99%,24385,31155242,19159,2.400,15,210,0.1251,0.1081,0.1495,0.1068
_SO,10001489,50ETF购11月2350,0.1775,0.0141,8.63%,11490,18950143,9861,2.350,15,-406,0.1634,0.1457,0.1900,0.1400
_SO,10001471,50ETF购11月2450,0.1040,0.0080,8.33%,57010,54308044,39284,2.450,15,1273,0.0960,0.0815,0.1140,0.0789
_SO,10001494,50ETF购11月2300,0.2207,0.0150,7.29%,3345,6875185,5628,2.300,15,-169,0.2057,0.1830,0.2340,0.1810
_SO,10001472,50ETF购11月2500,0.0742,0.0043,6.15%,148429,101730445,89330,2.500,15,-5676,0.0699,0.0585,0.0829,0.0560
_SO,10001493,50ETF购11月2250,0.2666,0.0149,5.92%,3435,8450016,4762,2.250,15,8,0.2517,0.2320,0.2808,0.2250
_SO,10001313,50ETF购12月2500,0.1182,0.0058,5.16%,11757,13213288,17075,2.500,43,612,0.1124,0.1019,0.1254,0.0980
_SO,10001369,50ETF购12月2350,0.2101,0.0101,5.05%,1991,3878099,5409,2.350,43,162,0.2000,0.1822,0.2209,0.1805
_SO,10001499,50ETF购11月2200,0.3131,0.0139,4.65%,3540,10530124,5090,2.200,15,137,0.2992,0.2744,0.3290,0.2660
_SO,10001359,50ETF购12月2400,0.1750,0.0075,4.48%,1433,2386575,4748,2.400,43,163,0.1675,0.1529,0.1854,0.1500
_SO,10001331,50ETF购12月2450,0.1442,0.0058,4.19%,6760,8996128,8687,2.450,43,662,0.1384,0.1260,0.1538,0.1215
_SO,10001383,50ETF购12月2250,0.2876,0.0112,4.05%,648,1786415,1850,2.250,43,72,0.2764,0.2566,0.2998,0.2539
_SO,10001473,50ETF购11月2550,0.0514,0.0018,3.63%,117899,57059436,149165,2.550,15,3051,0.0496,0.0406,0.0582,0.0398
_SO,10001377,50ETF购12月2300,0.2460,0.0083,3.49%,727,1718055,4052,2.300,43,71,0.2377,0.2185,0.2600,0.2160
_SO,10001411,50ETF购12月2200,0.3303,0.0105,3.28%,1923,6121038,4265,2.200,43,141,0.3198,0.3030,0.3444,0.2940
_SO,10001507,50ETF购6月2650,0.1883,0.0059,3.23%,165,298051,1693,2.650,225,9,0.1824,0.1724,0.1930,0.1713
_SO,10001315,50ETF购12月2600,0.0744,0.0023,3.19%,10663,7507038,26138,2.600,43,1376,0.0721,0.0630,0.0800,0.0620
_SO,10001521,50ETF购6月2250,0.4006,0.0121,3.11%,227,890057,602,2.250,225,27,0.3885,0.3729,0.4069,0.3729
_SO,10001519,50ETF购6月2300,0.3670,0.0109,3.06%,1507,5264748,2794,2.300,225,1244,0.3561,0.3407,0.3720,0.3392
_SO,10001316,50ETF购12月2650,0.0579,0.0015,2.66%,8664,4761499,21947,2.650,43,1170,0.0564,0.0504,0.0625,0.0487
_SO,10001439,50ETF购3月2250,0.3526,0.0089,2.59%,370,1276323,1108,2.250,134,-52,0.3437,0.3288,0.3612,0.3262
_SO,10001509,50ETF购6月2750,0.1520,0.0038,2.56%,350,518325,3676,2.750,225,-7,0.1482,0.1390,0.1564,0.1378
_SO,10001503,50ETF购6月2450,0.2773,0.0065,2.40%,281,751667,2042,2.450,225,10,0.2708,0.2580,0.2860,0.2575
_SO,10001501,50ETF购6月2350,0.3333,0.0076,2.33%,111,360320,1088,2.350,225,-64,0.3257,0.3098,0.3421,0.3098
_SO,10001502,50ETF购6月2400,0.3051,0.0069,2.31%,123,360846,935,2.400,225,-3,0.2982,0.2902,0.3143,0.2881
_SO,10001505,50ETF购6月2550,0.2280,0.0049,2.20%,478,1059204,3325,2.550,225,135,0.2231,0.2112,0.2359,0.2110
_SO,10001523,50ETF购6月2800,0.1360,0.0027,2.03%,702,954685,2160,2.800,225,68,0.1333,0.1262,0.1400,0.1262
_SO,10001504,50ETF购6月2500,0.2511,0.0050,2.03%,395,978396,2327,2.500,225,14,0.2461,0.2315,0.2599,0.2315
_SO,10001508,50ETF购6月2700,0.1678,0.0032,1.94%,317,524838,1651,2.700,225,-53,0.1646,0.1538,0.1753,0.1538
_SO,10001417,50ETF购3月2400,0.2523,0.0042,1.69%,515,1289484,1601,2.400,134,91,0.2481,0.2346,0.2612,0.2325
_SO,10001506,50ETF购6月2600,0.2052,0.0032,1.58%,197,394171,2893,2.600,225,40,0.2020,0.1908,0.2135,0.1908
_SO,10001441,50ETF购3月2200,0.3870,0.0055,1.44%,422,1598975,6085,2.200,134,20,0.3815,0.3624,0.4007,0.3620
_SO,10001314,50ETF购12月2550,0.0931,0.0013,1.42%,9874,8716724,19435,2.550,43,-392,0.0918,0.0806,0.1009,0.0800
_SO,10001418,50ETF购3月2450,0.2234,0.0031,1.41%,1125,2411407,3668,2.450,134,387,0.2203,0.2130,0.2313,0.2050
_SO,10001419,50ETF购3月2500,0.1981,0.0021,1.07%,3056,5740212,6139,2.500,134,-495,0.1960,0.1857,0.2059,0.1809
_SO,10001435,50ETF购3月2350,0.2804,0.0029,1.05%,250,686317,590,2.350,134,-41,0.2775,0.2638,0.2930,0.2617
_SO,10001437,50ETF购3月2300,0.3132,0.0032,1.03%,377,1184501,3175,2.300,134,57,0.3100,0.2937,0.3280,0.2932
_SO,10001317,50ETF购12月2700,0.0437,0.0004,0.92%,6880,2909215,30078,2.700,43,127,0.0433,0.0388,0.0480,0.0365
_SO,10001474,50ETF购11月2600,0.0337,0.0003,0.90%,88774,28188930,152325,2.600,15,-6655,0.0334,0.0270,0.0390,0.0260
_SO,10001420,50ETF购3月2550,0.1735,0.0011,0.64%,1205,2022514,4921,2.550,134,91,0.1724,0.1618,0.1811,0.1594
_SO,10001422,50ETF购3月2650,0.1333,0.0002,0.15%,949,1243832,4551,2.650,134,-47,0.1331,0.1237,0.1408,0.1224
_SO,10001421,50ETF购3月2600,0.1520,0.0001,0.07%,993,1446810,7056,2.600,134,31,0.1519,0.1433,0.1590,0.1396
_SO,10001318,50ETF购12月2750,0.0328,-0.0004,-1.20%,7144,2259123,19350,2.750,43,-10,0.0332,0.0286,0.0359,0.0286
_SO,10001423,50ETF购3月2700,0.1146,-0.0017,-1.46%,995,1134605,6268,2.700,134,31,0.1163,0.1135,0.1219,0.1067
_SO,10001424,50ETF购3月2750,0.0991,-0.0021,-2.08%,1930,1891079,5286,2.750,134,-140,0.1012,0.0938,0.1060,0.0925
_SO,10001469,50ETF购3月2850,0.0740,-0.0018,-2.37%,2450,1822996,11834,2.850,134,1138,0.0758,0.0701,0.0790,0.0686
_SO,10001425,50ETF购3月2800,0.0854,-0.0023,-2.62%,1089,934408,12400,2.800,134,138,0.0877,0.0814,0.0918,0.0800
_SO,10001475,50ETF购11月2650,0.0207,-0.0007,-3.27%,51702,10345087,109275,2.650,15,-4275,0.0214,0.0169,0.0249,0.0162
_SO,10001517,50ETF沽6月2700,0.2954,-0.0117,-3.81%,37,114719,511,2.700,225,12,0.3071,0.3229,0.3229,0.2954
_SO,10001329,50ETF沽12月2850,0.3475,-0.0141,-3.90%,281,1007257,2591,2.850,43,39,0.3616,0.3844,0.3864,0.3326
_SO,10001524,50ETF沽6月2800,0.3590,-0.0146,-3.91%,51,188823,254,2.800,225,-26,0.3736,0.3900,0.3912,0.3570
_SO,10001518,50ETF沽6月2750,0.3273,-0.0136,-3.99%,199,656540,869,2.750,225,76,0.3409,0.3684,0.3685,0.3217
_SO,10001516,50ETF沽6月2650,0.2640,-0.0120,-4.35%,275,743875,1187,2.650,225,10,0.2760,0.2884,0.2884,0.2597
_SO,10001330,50ETF沽12月2900,0.3921,-0.0179,-4.37%,239,946361,3176,2.900,43,-53,0.4100,0.4302,0.4302,0.3769
_SO,10001433,50ETF沽3月2750,0.3000,-0.0143,-4.55%,161,505114,2133,2.750,134,7,0.3143,0.3316,0.3316,0.2944
_SO,10001434,50ETF沽3月2800,0.3339,-0.0160,-4.57%,211,722432,3384,2.800,134,-74,0.3499,0.3632,0.3660,0.3277
_SO,10001431,50ETF沽3月2650,0.2361,-0.0115,-4.64%,228,561745,1414,2.650,134,26,0.2476,0.2592,0.2597,0.2294
_SO,10001334,50ETF沽12月2950,0.4386,-0.0214,-4.65%,319,1416905,8522,2.950,43,11,0.4600,0.4731,0.4767,0.4226
_SO,10001432,50ETF沽3月2700,0.2660,-0.0135,-4.83%,271,733642,2463,2.700,134,-52,0.2795,0.2968,0.2968,0.2604
_SO,10001328,50ETF沽12月2800,0.3021,-0.0157,-4.94%,470,1455620,3960,2.800,43,-68,0.3178,0.3397,0.3421,0.2896
_SO,10001515,50ETF沽6月2600,0.2351,-0.0123,-4.97%,167,402803,2055,2.600,225,82,0.2474,0.2544,0.2571,0.2300
_SO,10001514,50ETF沽6月2550,0.2080,-0.0114,-5.20%,109,240926,1919,2.550,225,-10,0.2194,0.2287,0.2300,0.2049
_SO,10001327,50ETF沽12月2750,0.2608,-0.0152,-5.51%,882,2342949,3800,2.750,43,-299,0.2760,0.2954,0.3000,0.2490
_SO,10001426,50ETF沽3月2400,0.1079,-0.0068,-5.93%,587,652963,5968,2.400,134,20,0.1147,0.1233,0.1280,0.1021
_SO,10001326,50ETF沽12月2700,0.2233,-0.0142,-5.98%,2298,5367130,7617,2.700,43,244,0.2375,0.2555,0.2598,0.2109
_SO,10001430,50ETF沽3月2600,0.2038,-0.0131,-6.04%,826,1783963,4079,2.600,134,-10,0.2169,0.2304,0.2304,0.1973
_SO,10001512,50ETF沽6月2450,0.1588,-0.0104,-6.15%,413,705630,2899,2.450,225,-75,0.1692,0.1799,0.1799,0.1545
_SO,10001319,50ETF购12月2800,0.0240,-0.0016,-6.25%,10206,2393747,24260,2.800,43,3993,0.0256,0.0223,0.0269,0.0214
_SO,10001488,50ETF沽11月2850,0.3372,-0.0228,-6.33%,1215,4379988,4435,2.850,15,-207,0.3600,0.3807,0.3900,0.3229
_SO,10001428,50ETF沽3月2500,0.1514,-0.0104,-6.43%,1708,2733810,3869,2.500,134,161,0.1618,0.1733,0.1763,0.1442
_SO,10001522,50ETF沽6月2250,0.0838,-0.0058,-6.47%,963,838851,3285,2.250,225,381,0.0896,0.0970,0.0979,0.0809
_SO,10001513,50ETF沽6月2500,0.1807,-0.0126,-6.52%,410,795254,2242,2.500,225,-233,0.1933,0.2043,0.2044,0.1789
_SO,10001429,50ETF沽3月2550,0.1761,-0.0126,-6.68%,995,1855311,2829,2.550,134,-64,0.1887,0.2009,0.2022,0.1712
_SO,10001436,50ETF沽3月2350,0.0888,-0.0064,-6.72%,606,556606,3525,2.350,134,82,0.0952,0.1027,0.1052,0.0841
_SO,10001486,50ETF沽11月2750,0.2424,-0.0176,-6.77%,2247,5625213,6520,2.750,15,18,0.2600,0.2835,0.2847,0.2292
_SO,10001487,50ETF沽11月2800,0.2889,-0.0211,-6.81%,1408,4241272,3009,2.800,15,-74,0.3100,0.3318,0.3330,0.2751
_SO,10001427,50ETF沽3月2450,0.1278,-0.0094,-6.85%,1192,1593946,4886,2.450,134,77,0.1372,0.1459,0.1480,0.1219
_SO,10001325,50ETF沽12月2650,0.1863,-0.0139,-6.94%,4869,9339020,6556,2.650,43,610,0.2002,0.2165,0.2243,0.1757
_SO,10001476,50ETF购11月2700,0.0118,-0.0009,-7.09%,39095,4466692,97772,2.700,15,3453,0.0127,0.0101,0.0143,0.0093
_SO,10001511,50ETF沽6月2400,0.1358,-0.0104,-7.11%,158,221548,2178,2.400,225,-50,0.1462,0.1539,0.1542,0.1358
_SO,10001440,50ETF沽3月2250,0.0584,-0.0045,-7.15%,2204,1427194,9242,2.250,134,620,0.0629,0.0698,0.0716,0.0549
_SO,10001470,50ETF沽3月2850,0.3601,-0.0284,-7.31%,376,1457813,2793,2.850,134,-10,0.3885,0.4000,0.4077,0.3601
_SO,10001438,50ETF沽3月2300,0.0724,-0.0059,-7.54%,1237,938357,4109,2.300,134,308,0.0783,0.0842,0.0854,0.0682
_SO,10001485,50ETF沽11月2700,0.1997,-0.0166,-7.67%,6431,13891388,10344,2.700,15,-1263,0.2163,0.2378,0.2410,0.1857
_SO,10001442,50ETF沽3月2200,0.0462,-0.0039,-7.78%,1595,785313,12775,2.200,134,66,0.0501,0.0526,0.0554,0.0428
_SO,10001324,50ETF沽12月2600,0.1524,-0.0139,-8.36%,4242,6948044,7152,2.600,43,206,0.1663,0.1815,0.1850,0.1434
_SO,10001320,50ETF购12月2850,0.0174,-0.0016,-8.42%,9600,1672082,27527,2.850,43,-272,0.0190,0.0165,0.0197,0.0157
_SO,10001510,50ETF沽6月2350,0.1149,-0.0118,-9.31%,254,318126,2464,2.350,225,-1,0.1267,0.1329,0.1329,0.1147
_SO,10001484,50ETF沽11月2650,0.1576,-0.0163,-9.37%,9321,16324092,17239,2.650,15,-2073,0.1739,0.1970,0.1997,0.1452
_SO,10001520,50ETF沽6月2300,0.0968,-0.0107,-9.95%,270,278919,2184,2.300,225,167,0.1075,0.1141,0.1141,0.0968
_SO,10001323,50ETF沽12月2550,0.1234,-0.0143,-10.38%,4920,6478038,10846,2.550,43,72,0.1377,0.1495,0.1510,0.1144
_SO,10001332,50ETF沽12月2450,0.0740,-0.0086,-10.41%,10040,8205628,12783,2.450,43,561,0.0826,0.0933,0.0959,0.0682
_SO,10001322,50ETF沽12月2500,0.0975,-0.0124,-11.28%,12339,12925987,16292,2.500,43,1665,0.1099,0.1200,0.1254,0.0896
_SO,10001360,50ETF沽12月2400,0.0558,-0.0071,-11.29%,8567,5189007,15446,2.400,43,1308,0.0629,0.0697,0.0739,0.0502
_SO,10001483,50ETF沽11月2600,0.1197,-0.0161,-11.86%,28317,37209554,50926,2.600,15,-932,0.1358,0.1565,0.1573,0.1100
_SO,10001370,50ETF沽12月2350,0.0404,-0.0056,-12.17%,6825,3091778,20674,2.350,43,865,0.0460,0.0527,0.0548,0.0357
_SO,10001378,50ETF沽12月2300,0.0278,-0.0039,-12.30%,6737,2105171,17768,2.300,43,928,0.0317,0.0390,0.0401,0.0250
_SO,10001321,50ETF购12月2900,0.0120,-0.0019,-13.67%,7101,910448,37554,2.900,43,1822,0.0139,0.0120,0.0140,0.0114
_SO,10001482,50ETF沽11月2550,0.0880,-0.0144,-14.06%,62741,61788144,65708,2.550,15,-278,0.1024,0.1208,0.1224,0.0791
_SO,10001412,50ETF沽12月2200,0.0120,-0.0021,-14.89%,10947,1469422,48904,2.200,43,2915,0.0141,0.0165,0.0180,0.0107
_SO,10001384,50ETF沽12月2250,0.0182,-0.0034,-15.74%,5619,1144724,22074,2.250,43,1504,0.0216,0.0248,0.0258,0.0161
_SO,10001477,50ETF购11月2750,0.0061,-0.0013,-17.57%,27924,1712698,80712,2.750,15,4553,0.0074,0.0056,0.0078,0.0051
_SO,10001333,50ETF购12月2950,0.0086,-0.0019,-18.10%,12211,1122813,61102,2.950,43,1863,0.0105,0.0092,0.0099,0.0085
_SO,10001481,50ETF沽11月2500,0.0597,-0.0132,-18.11%,131583,92937591,68866,2.500,15,-481,0.0729,0.0882,0.0895,0.0540
_SO,10001480,50ETF沽11月2450,0.0399,-0.0093,-18.90%,115079,55222901,87061,2.450,15,-783,0.0492,0.0600,0.0643,0.0352
_SO,10001491,50ETF沽11月2350,0.0140,-0.0040,-22.22%,52941,9036343,79803,2.350,15,2816,0.0180,0.0230,0.0240,0.0115
_SO,10001492,50ETF沽11月2400,0.0239,-0.0071,-22.90%,74764,22014910,74268,2.400,15,-75,0.0310,0.0388,0.0399,0.0210
_SO,10001479,50ETF购11月2850,0.0016,-0.0005,-23.81%,23532,394554,113454,2.850,15,-7220,0.0021,0.0017,0.0020,0.0012
_SO,10001478,50ETF购11月2800,0.0029,-0.0011,-27.50%,22461,715010,85180,2.800,15,-5327,0.0040,0.0032,0.0040,0.0027
_SO,10001500,50ETF沽11月2200,0.0014,-0.0006,-30.00%,15407,297256,65169,2.200,15,2441,0.0020,0.0026,0.0036,0.0011
_SO,10001496,50ETF沽11月2300,0.0059,-0.0032,-35.16%,38969,3465900,100976,2.300,15,1378,0.0091,0.0121,0.0134,0.0059
_SO,10001495,50ETF沽11月2250,0.0029,-0.0018,-38.30%,21607,940151,60690,2.250,15,2079,0.0047,0.0065,0.0068,0.0028