_SO,10001360,50ETF沽12月2400,0.0378,0.0035,10.20%,62922,20374687,58312,2.400,27,8131,0.0343,0.0290,0.0385,0.0271
_SO,10001332,50ETF沽12月2450,0.0587,0.0051,9.51%,98221,51199351,75009,2.450,27,5527,0.0536,0.0423,0.0601,0.0420
_SO,10001322,50ETF沽12月2500,0.0850,0.0064,8.14%,86802,66293951,63540,2.500,27,5040,0.0786,0.0673,0.0872,0.0662
_SO,10001324,50ETF沽12月2600,0.1563,0.0114,7.87%,11885,16889259,23150,2.600,27,1924,0.1449,0.1317,0.1567,0.1293
_SO,10001370,50ETF沽12月2350,0.0215,0.0015,7.50%,52163,9614018,77842,2.350,27,15703,0.0200,0.0154,0.0221,0.0143
_SO,10001323,50ETF沽12月2550,0.1175,0.0077,7.01%,30171,32111630,38787,2.550,27,3973,0.1098,0.0988,0.1200,0.0949
_SO,10001325,50ETF沽12月2650,0.1963,0.0096,5.14%,4982,9116717,9801,2.650,27,99,0.1867,0.1800,0.1983,0.1687
_SO,10001378,50ETF沽12月2300,0.0115,0.0005,4.55%,32636,3200510,67535,2.300,27,9961,0.0110,0.0089,0.0119,0.0081
_SO,10001541,50ETF沽1月2600,0.1655,0.0056,3.50%,509,811119,320,2.600,55,320,0.1599,0.1511,0.1671,0.1459
_SO,10001326,50ETF沽12月2700,0.2415,0.0075,3.21%,2965,6819749,10430,2.700,27,25,0.2340,0.2151,0.2437,0.2120
_SO,10001542,50ETF沽1月2650,0.2029,0.0058,2.94%,720,1364612,421,2.650,55,421,0.1971,0.1884,0.2048,0.1815
_SO,10001540,50ETF沽1月2550,0.1315,0.0029,2.26%,1006,1240192,399,2.550,55,399,0.1286,0.1228,0.1331,0.1150
_SO,10001432,50ETF沽3月2700,0.2604,0.0056,2.20%,110,272688,2449,2.700,118,-3,0.2548,0.2422,0.2604,0.2404
_SO,10001433,50ETF沽3月2750,0.2986,0.0063,2.16%,109,307765,2203,2.750,118,30,0.2923,0.2828,0.2986,0.2780
_SO,10001429,50ETF沽3月2550,0.1585,0.0032,2.06%,569,872351,2983,2.550,118,-50,0.1553,0.1475,0.1593,0.1440
_SO,10001431,50ETF沽3月2650,0.2231,0.0044,2.01%,160,341115,1669,2.650,118,28,0.2187,0.2100,0.2243,0.2052
_SO,10001327,50ETF沽12月2750,0.2890,0.0050,1.76%,1021,2793239,5029,2.750,27,21,0.2840,0.2718,0.2910,0.2579
_SO,10001539,50ETF沽1月2500,0.1016,0.0017,1.70%,2938,2733977,1846,2.500,55,1846,0.0999,0.0954,0.1027,0.0861
_SO,10001430,50ETF沽3月2600,0.1883,0.0029,1.56%,375,681168,3937,2.600,118,-48,0.1854,0.1760,0.1900,0.1736
_SO,10001427,50ETF沽3月2450,0.1053,0.0016,1.54%,1134,1131868,5023,2.450,118,-27,0.1037,0.0961,0.1063,0.0941
_SO,10001434,50ETF沽3月2800,0.3389,0.0049,1.47%,785,2551798,5996,2.800,118,445,0.3340,0.3235,0.3400,0.3168
_SO,10001518,50ETF沽6月2750,0.3137,0.0043,1.39%,61,185619,710,2.750,209,1,0.3094,0.2986,0.3137,0.2970
_SO,10001428,50ETF沽3月2500,0.1303,0.0015,1.16%,1351,1676547,4484,2.500,118,-395,0.1288,0.1230,0.1313,0.1170
_SO,10001426,50ETF沽3月2400,0.0838,0.0009,1.09%,1604,1231862,5862,2.400,118,-362,0.0829,0.0769,0.0841,0.0736
_SO,10001524,50ETF沽6月2800,0.3495,0.0034,0.98%,210,716063,2403,2.800,209,99,0.3461,0.3344,0.3495,0.3310
_SO,10001516,50ETF沽6月2650,0.2455,0.0023,0.95%,46,107578,1463,2.650,209,-15,0.2432,0.2340,0.2455,0.2307
_SO,10001538,50ETF沽1月2450,0.0758,0.0006,0.80%,3246,2286363,2102,2.450,55,2102,0.0752,0.0720,0.0769,0.0631
_SO,10001334,50ETF沽12月2950,0.4861,0.0021,0.43%,605,2839836,8597,2.950,27,84,0.4840,0.4632,0.4874,0.4540
_SO,10001328,50ETF沽12月2800,0.3354,0.0014,0.42%,828,2677459,4025,2.800,27,171,0.3340,0.3197,0.3393,0.3060
_SO,10001329,50ETF沽12月2850,0.3855,0.0015,0.39%,396,1459025,3094,2.850,27,52,0.3840,0.3738,0.3886,0.3557
_SO,10001515,50ETF沽6月2600,0.2134,0.0008,0.38%,104,214737,2429,2.600,209,31,0.2126,0.2040,0.2135,0.2017
_SO,10001513,50ETF沽6月2500,0.1587,0.0005,0.32%,451,682022,2844,2.500,209,87,0.1582,0.1503,0.1587,0.1460
_SO,10001436,50ETF沽3月2350,0.0650,0.0002,0.31%,641,381830,3702,2.350,118,-125,0.0648,0.0607,0.0652,0.0566
_SO,10001330,50ETF沽12月2900,0.4353,0.0013,0.30%,159,673701,3077,2.900,27,43,0.4340,0.4154,0.4373,0.4056
_SO,10001438,50ETF沽3月2300,0.0486,0.0000,0.00%,1021,466653,7638,2.300,118,356,0.0486,0.0460,0.0494,0.0431
_SO,10001384,50ETF沽12月2250,0.0059,0.0000,0.00%,24277,1189296,61688,2.250,27,9027,0.0059,0.0050,0.0061,0.0043
_SO,10001511,50ETF沽6月2400,0.1113,-0.0001,-0.09%,1077,1146290,5997,2.400,209,462,0.1114,0.1080,0.1120,0.1026
_SO,10001514,50ETF沽6月2550,0.1844,-0.0002,-0.11%,183,328959,2099,2.550,209,-15,0.1846,0.1778,0.1844,0.1722
_SO,10001512,50ETF沽6月2450,0.1330,-0.0002,-0.15%,444,565217,3748,2.450,209,148,0.1332,0.1275,0.1332,0.1230
_SO,10001520,50ETF沽6月2300,0.0744,-0.0002,-0.27%,375,261396,3342,2.300,209,-3,0.0746,0.0706,0.0744,0.0674
_SO,10001537,50ETF沽1月2400,0.0548,-0.0002,-0.36%,5035,2432160,3640,2.400,55,3640,0.0550,0.0495,0.0550,0.0445
_SO,10001470,50ETF沽3月2850,0.3820,-0.0020,-0.52%,527,1946463,5199,2.850,118,228,0.3840,0.3700,0.3827,0.3584
_SO,10001510,50ETF沽6月2350,0.0911,-0.0005,-0.55%,991,866764,3613,2.350,209,573,0.0916,0.0859,0.0915,0.0827
_SO,10001440,50ETF沽3月2250,0.0360,-0.0003,-0.83%,2117,688126,14801,2.250,118,1294,0.0363,0.0337,0.0360,0.0308
_SO,10001536,50ETF沽1月2350,0.0376,-0.0005,-1.31%,4696,1552164,3594,2.350,55,3594,0.0381,0.0346,0.0378,0.0302
_SO,10001442,50ETF沽3月2200,0.0255,-0.0004,-1.54%,5173,1226484,22362,2.200,118,217,0.0259,0.0240,0.0258,0.0218
_SO,10001517,50ETF沽6月2700,0.2721,-0.0047,-1.70%,49,132081,616,2.700,209,-20,0.2768,0.2655,0.2721,0.2639
_SO,10001441,50ETF购3月2200,0.3180,-0.0078,-2.39%,510,1691466,6758,2.200,118,205,0.3258,0.3350,0.3411,0.3139
_SO,10001522,50ETF沽6月2250,0.0582,-0.0015,-2.51%,1846,1011440,8136,2.250,209,878,0.0597,0.0575,0.0585,0.0523
_SO,10001521,50ETF购6月2250,0.3215,-0.0084,-2.55%,306,1014713,1038,2.250,209,69,0.3299,0.3360,0.3448,0.3210
_SO,10001439,50ETF购3月2250,0.2765,-0.0083,-2.91%,124,362787,1629,2.250,118,32,0.2848,0.2958,0.2991,0.2763
_SO,10001519,50ETF购6月2300,0.2873,-0.0087,-2.94%,146,436599,2950,2.300,209,-11,0.2960,0.3050,0.3092,0.2873
_SO,10001412,50ETF沽12月2200,0.0031,-0.0001,-3.12%,16763,461120,70712,2.200,27,5171,0.0032,0.0024,0.0033,0.0022
_SO,10001435,50ETF购3月2350,0.2072,-0.0067,-3.13%,94,208286,878,2.350,118,41,0.2139,0.2242,0.2264,0.2062
_SO,10001504,50ETF购6月2500,0.1770,-0.0061,-3.33%,343,619371,3320,2.500,209,37,0.1831,0.1925,0.1926,0.1737
_SO,10001437,50ETF购3月2300,0.2399,-0.0083,-3.34%,105,266669,1581,2.300,118,13,0.2482,0.2591,0.2600,0.2399
_SO,10001503,50ETF购6月2450,0.2013,-0.0071,-3.41%,104,216711,2462,2.450,209,-7,0.2084,0.2155,0.2181,0.1996
_SO,10001502,50ETF购6月2400,0.2274,-0.0083,-3.52%,66,155235,1095,2.400,209,-,0.2357,0.2427,0.2441,0.2268
_SO,10001535,50ETF沽1月2300,0.0245,-0.0009,-3.54%,7848,1654318,6045,2.300,55,6045,0.0254,0.0243,0.0247,0.0160
_SO,10001419,50ETF购3月2500,0.1255,-0.0046,-3.54%,1324,1726958,8862,2.500,118,-8,0.1301,0.1330,0.1378,0.1228
_SO,10001411,50ETF购12月2200,0.2679,-0.0100,-3.60%,3272,9230241,10372,2.200,27,538,0.2779,0.2898,0.2980,0.2644
_SO,10001417,50ETF购3月2400,0.1765,-0.0068,-3.71%,319,590087,2922,2.400,118,28,0.1833,0.1912,0.1930,0.1746
_SO,10001501,50ETF购6月2350,0.2553,-0.0102,-3.84%,339,901562,725,2.350,209,72,0.2655,0.2701,0.2756,0.2542
_SO,10001420,50ETF购3月2550,0.1028,-0.0045,-4.19%,1067,1146849,6288,2.550,118,-23,0.1073,0.1133,0.1148,0.1013
_SO,10001505,50ETF购6月2550,0.1544,-0.0070,-4.34%,275,435458,3215,2.550,209,-26,0.1614,0.1750,0.1750,0.1533
_SO,10001418,50ETF购3月2450,0.1484,-0.0068,-4.38%,572,886211,5209,2.450,118,-88,0.1552,0.1600,0.1647,0.1465
_SO,10001383,50ETF购12月2250,0.2218,-0.0104,-4.48%,2303,5349169,4077,2.250,27,451,0.2322,0.2448,0.2498,0.2170
_SO,10001421,50ETF购3月2600,0.0843,-0.0042,-4.75%,1268,1120692,8177,2.600,118,585,0.0885,0.0910,0.0944,0.0830
_SO,10001523,50ETF购6月2800,0.0739,-0.0038,-4.89%,1052,808548,4369,2.800,209,432,0.0777,0.0786,0.0831,0.0728
_SO,10001525,50ETF购1月2250,0.2394,-0.0127,-5.04%,394,990054,186,2.250,55,186,0.2521,0.2607,0.2650,0.2357
_SO,10001526,50ETF购1月2300,0.1988,-0.0118,-5.60%,239,500353,141,2.300,55,141,0.2106,0.2203,0.2203,0.1951
_SO,10001377,50ETF购12月2300,0.1771,-0.0106,-5.65%,4392,8371508,14243,2.300,27,504,0.1877,0.1993,0.2049,0.1738
_SO,10001506,50ETF购6月2600,0.1330,-0.0080,-5.67%,376,518548,2415,2.600,209,-18,0.1410,0.1481,0.1485,0.1330
_SO,10001423,50ETF购3月2700,0.0544,-0.0033,-5.72%,1181,677859,7894,2.700,118,202,0.0577,0.0592,0.0615,0.0537
_SO,10001508,50ETF购6月2700,0.0998,-0.0061,-5.76%,283,291596,2323,2.700,209,113,0.1059,0.1035,0.1109,0.0996
_SO,10001507,50ETF购6月2650,0.1154,-0.0072,-5.87%,247,302455,1863,2.650,209,80,0.1226,0.1257,0.1278,0.1154
_SO,10001527,50ETF购1月2350,0.1618,-0.0107,-6.20%,318,541785,155,2.350,55,155,0.1725,0.1808,0.1838,0.1587
_SO,10001369,50ETF购12月2350,0.1373,-0.0092,-6.28%,12659,18766401,12185,2.350,27,1544,0.1465,0.1582,0.1620,0.1337
_SO,10001528,50ETF购1月2400,0.1297,-0.0089,-6.42%,650,893719,341,2.400,55,341,0.1386,0.1478,0.1478,0.1264
_SO,10001424,50ETF购3月2750,0.0436,-0.0030,-6.44%,481,219601,6197,2.750,118,173,0.0466,0.0487,0.0500,0.0428
_SO,10001359,50ETF购12月2400,0.1030,-0.0071,-6.45%,28939,32407817,24701,2.400,27,5889,0.1101,0.1213,0.1240,0.0990
_SO,10001331,50ETF购12月2450,0.0741,-0.0053,-6.68%,86021,69398934,65585,2.450,27,7768,0.0794,0.0885,0.0902,0.0702
_SO,10001529,50ETF购1月2450,0.1018,-0.0073,-6.69%,2037,2205253,1157,2.450,55,1157,0.1091,0.1134,0.1176,0.0975
_SO,10001422,50ETF购3月2650,0.0676,-0.0049,-6.76%,1471,1064405,6059,2.650,118,-155,0.0725,0.0760,0.0770,0.0670
_SO,10001509,50ETF购6月2750,0.0848,-0.0063,-6.92%,628,555055,3954,2.750,209,74,0.0911,0.0938,0.0974,0.0846
_SO,10001313,50ETF购12月2500,0.0510,-0.0040,-7.27%,139922,78418357,122002,2.500,27,24842,0.0550,0.0613,0.0629,0.0480
_SO,10001425,50ETF购3月2800,0.0342,-0.0029,-7.82%,2272,819973,14426,2.800,118,669,0.0371,0.0389,0.0395,0.0336
_SO,10001469,50ETF购3月2850,0.0264,-0.0024,-8.33%,3810,1054883,19191,2.850,118,1853,0.0288,0.0312,0.0312,0.0259
_SO,10001314,50ETF购12月2550,0.0336,-0.0032,-8.70%,78487,29392333,87608,2.550,27,21319,0.0368,0.0420,0.0435,0.0311
_SO,10001530,50ETF购1月2500,0.0769,-0.0074,-8.78%,4641,3857648,2553,2.500,55,2553,0.0843,0.0872,0.0913,0.0739
_SO,10001531,50ETF购1月2550,0.0575,-0.0066,-10.30%,2992,1861068,1294,2.550,55,1294,0.0641,0.0654,0.0697,0.0546
_SO,10001534,50ETF沽1月2250,0.0150,-0.0019,-11.24%,13732,1765302,10897,2.250,55,10897,0.0169,0.0135,0.0153,0.0031
_SO,10001315,50ETF购12月2600,0.0204,-0.0026,-11.30%,54467,12564116,80619,2.600,27,9542,0.0230,0.0262,0.0275,0.0187
_SO,10001532,50ETF购1月2600,0.0417,-0.0054,-11.46%,5506,2563352,2854,2.600,55,2854,0.0471,0.0472,0.0520,0.0395
_SO,10001533,50ETF购1月2650,0.0295,-0.0044,-12.98%,10943,3593443,8579,2.650,55,8579,0.0339,0.0328,0.0360,0.0276
_SO,10001316,50ETF购12月2650,0.0114,-0.0023,-16.79%,40614,5252167,68497,2.650,27,15569,0.0137,0.0155,0.0169,0.0100
_SO,10001321,50ETF购12月2900,0.0012,-0.0003,-20.00%,4850,61576,36890,2.900,27,1355,0.0015,0.0015,0.0018,0.0010
_SO,10001317,50ETF购12月2700,0.0062,-0.0017,-21.52%,37746,2661659,88836,2.700,27,14475,0.0079,0.0088,0.0094,0.0052
_SO,10001318,50ETF购12月2750,0.0037,-0.0011,-22.92%,16440,708718,36512,2.750,27,3243,0.0048,0.0050,0.0056,0.0034
_SO,10001320,50ETF购12月2850,0.0015,-0.0005,-25.00%,9376,138642,34089,2.850,27,-842,0.0020,0.0020,0.0030,0.0011
_SO,10001333,50ETF购12月2950,0.0010,-0.0004,-28.57%,8351,99940,65580,2.950,27,2521,0.0014,0.0014,0.0017,0.0009
_SO,10001319,50ETF购12月2800,0.0020,-0.0011,-35.48%,19365,482295,33615,2.800,27,2272,0.0031,0.0032,0.0036,0.0019