_SO,10001437,50ETF购3月2300,0.3082,0.0033,1.08%,179,554211,3193,2.300,131,27,0.3049,0.3060,0.3210,0.2973
_SO,10001505,50ETF购6月2550,0.2221,0.0016,0.73%,188,421187,3415,2.550,222,16,0.2205,0.2204,0.2318,0.2125
_SO,10001435,50ETF购3月2350,0.2746,0.0019,0.70%,228,635181,655,2.350,131,39,0.2727,0.2733,0.2885,0.2668
_SO,10001506,50ETF购6月2600,0.2013,0.0014,0.70%,250,506245,3045,2.600,222,-8,0.1999,0.1988,0.2112,0.1918
_SO,10001417,50ETF购3月2400,0.2429,0.0010,0.41%,457,1124393,2008,2.400,131,27,0.2419,0.2427,0.2583,0.2340
_SO,10001411,50ETF购12月2200,0.3250,0.0013,0.40%,1727,5645209,4867,2.200,40,-308,0.3237,0.3263,0.3456,0.3096
_SO,10001504,50ETF购6月2500,0.2456,0.0009,0.37%,457,1134897,2455,2.500,222,81,0.2447,0.2449,0.2554,0.2358
_SO,10001419,50ETF购3月2500,0.1889,0.0007,0.37%,1747,3306844,6224,2.500,131,-160,0.1882,0.1890,0.2007,0.1800
_SO,10001521,50ETF购6月2250,0.3914,0.0014,0.36%,309,1214678,635,2.250,222,-55,0.3900,0.3916,0.4043,0.3806
_SO,10001441,50ETF购3月2200,0.3802,0.0012,0.32%,472,1805475,5985,2.200,131,-35,0.3790,0.3785,0.3998,0.3686
_SO,10001418,50ETF购3月2450,0.2142,0.0004,0.19%,469,1018342,3754,2.450,131,21,0.2138,0.2140,0.2268,0.2077
_SO,10001439,50ETF购3月2250,0.3421,0.0006,0.18%,433,1503137,1200,2.250,131,36,0.3415,0.3419,0.3610,0.3311
_SO,10001421,50ETF购3月2600,0.1438,0.0002,0.14%,706,1024104,7214,2.600,131,91,0.1436,0.1435,0.1525,0.1370
_SO,10001499,50ETF购11月2200,0.3104,0.0004,0.13%,3565,11338062,4279,2.200,12,-397,0.3100,0.3122,0.3350,0.2950
_SO,10001508,50ETF购6月2700,0.1619,0.0002,0.12%,205,334326,1767,2.700,222,101,0.1617,0.1621,0.1698,0.1555
_SO,10001501,50ETF购6月2350,0.3272,0.0003,0.09%,167,558023,1087,2.350,222,-33,0.3269,0.3273,0.3414,0.3251
_SO,10001420,50ETF购3月2550,0.1644,0.0000,0.00%,700,1176187,5090,2.550,131,32,0.1644,0.1660,0.1764,0.1588
_SO,10001503,50ETF购6月2450,0.2701,0.0000,0.00%,186,503942,2138,2.450,222,-1,0.2701,0.2696,0.2824,0.2614
_SO,10001507,50ETF购6月2650,0.1798,0.0000,0.00%,170,308768,1775,2.650,222,5,0.1798,0.1792,0.1875,0.1747
_SO,10001422,50ETF购3月2650,0.1245,0.0000,0.00%,282,353939,4979,2.650,131,121,0.1245,0.1255,0.1324,0.1190
_SO,10001523,50ETF购6月2800,0.1304,-0.0001,-0.08%,920,1206341,2631,2.800,222,310,0.1305,0.1317,0.1383,0.1239
_SO,10001423,50ETF购3月2700,0.1074,-0.0001,-0.09%,354,385916,6464,2.700,131,35,0.1075,0.1093,0.1145,0.1033
_SO,10001493,50ETF购11月2250,0.2605,-0.0004,-0.15%,2939,7880399,4188,2.250,12,-368,0.2609,0.2548,0.2880,0.2476
_SO,10001502,50ETF购6月2400,0.2966,-0.0009,-0.30%,137,415603,1066,2.400,222,17,0.2975,0.3000,0.3116,0.2880
_SO,10001519,50ETF购6月2300,0.3591,-0.0012,-0.33%,365,1312544,2891,2.300,222,1,0.3603,0.3585,0.3738,0.3467
_SO,10001518,50ETF沽6月2750,0.3254,-0.0013,-0.40%,162,519126,868,2.750,222,26,0.3267,0.3280,0.3349,0.3097
_SO,10001516,50ETF沽6月2650,0.2620,-0.0013,-0.49%,185,472610,1202,2.650,222,15,0.2633,0.2623,0.2721,0.2500
_SO,10001327,50ETF沽12月2750,0.2586,-0.0013,-0.50%,1524,3840779,3725,2.750,40,-130,0.2599,0.2606,0.2730,0.2370
_SO,10001425,50ETF购3月2800,0.0776,-0.0004,-0.51%,2570,2046201,12805,2.800,131,64,0.0780,0.0806,0.0848,0.0762
_SO,10001424,50ETF购3月2750,0.0920,-0.0005,-0.54%,752,706258,5528,2.750,131,-105,0.0925,0.0941,0.0985,0.0876
_SO,10001515,50ETF沽6月2600,0.2328,-0.0014,-0.60%,261,598602,2345,2.600,222,37,0.2342,0.2366,0.2418,0.2205
_SO,10001524,50ETF沽6月2800,0.3586,-0.0022,-0.61%,271,961558,391,2.800,222,64,0.3608,0.3658,0.3698,0.3445
_SO,10001494,50ETF购11月2300,0.2124,-0.0014,-0.65%,4141,9135931,4776,2.300,12,-578,0.2138,0.2204,0.2384,0.1998
_SO,10001329,50ETF沽12月2850,0.3431,-0.0030,-0.87%,976,3334330,2654,2.850,40,-89,0.3461,0.3472,0.3602,0.3230
_SO,10001383,50ETF购12月2250,0.2787,-0.0025,-0.89%,1425,4053383,2349,2.250,40,-64,0.2812,0.2812,0.3020,0.2679
_SO,10001369,50ETF购12月2350,0.1998,-0.0018,-0.89%,1567,3218587,4953,2.350,40,-243,0.2016,0.2048,0.2191,0.1889
_SO,10001434,50ETF沽3月2800,0.3326,-0.0031,-0.92%,103,337913,3403,2.800,131,1,0.3357,0.3337,0.3440,0.3162
_SO,10001484,50ETF沽11月2650,0.1524,-0.0015,-0.97%,10632,15907244,17434,2.650,12,-92,0.1539,0.1525,0.1683,0.1311
_SO,10001377,50ETF购12月2300,0.2376,-0.0024,-1.00%,1641,3968091,4679,2.300,40,237,0.2400,0.2403,0.2586,0.2256
_SO,10001512,50ETF沽6月2450,0.1561,-0.0016,-1.01%,170,259004,3148,2.450,222,-10,0.1577,0.1583,0.1627,0.1481
_SO,10001436,50ETF沽3月2350,0.0838,-0.0009,-1.06%,707,569075,3450,2.350,131,-153,0.0847,0.0842,0.0861,0.0750
_SO,10001514,50ETF沽6月2550,0.2043,-0.0023,-1.11%,414,833155,1971,2.550,222,-62,0.2066,0.2076,0.2110,0.1939
_SO,10001485,50ETF沽11月2700,0.1952,-0.0022,-1.11%,5662,10739691,10416,2.700,12,-272,0.1974,0.1950,0.2121,0.1727
_SO,10001359,50ETF购12月2400,0.1649,-0.0019,-1.14%,2428,4141348,5791,2.400,40,-96,0.1668,0.1691,0.1816,0.1550
_SO,10001490,50ETF购11月2400,0.1265,-0.0015,-1.17%,23796,31743397,20561,2.400,12,-881,0.1280,0.1300,0.1480,0.1156
_SO,10001509,50ETF购6月2750,0.1437,-0.0019,-1.30%,1049,1539237,4352,2.750,222,603,0.1456,0.1443,0.1527,0.1388
_SO,10001330,50ETF沽12月2900,0.3895,-0.0055,-1.39%,641,2475844,3069,2.900,40,-160,0.3950,0.3930,0.4048,0.3681
_SO,10001328,50ETF沽12月2800,0.2988,-0.0042,-1.39%,1484,4359924,3850,2.800,40,-178,0.3030,0.2995,0.3153,0.2785
_SO,10001432,50ETF沽3月2700,0.2610,-0.0038,-1.44%,83,217079,2577,2.700,131,-9,0.2648,0.2643,0.2682,0.2459
_SO,10001489,50ETF购11月2350,0.1675,-0.0025,-1.47%,10856,19079229,10277,2.350,12,-121,0.1700,0.1715,0.1905,0.1550
_SO,10001334,50ETF沽12月2950,0.4384,-0.0066,-1.48%,1081,4693527,8435,2.950,40,-222,0.4450,0.4300,0.4526,0.4140
_SO,10001326,50ETF沽12月2700,0.2168,-0.0033,-1.50%,3902,8387264,7698,2.700,40,-140,0.2201,0.2202,0.2325,0.1989
_SO,10001427,50ETF沽3月2450,0.1220,-0.0019,-1.53%,496,588405,4672,2.450,131,-164,0.1239,0.1241,0.1284,0.1126
_SO,10001470,50ETF沽3月2850,0.3675,-0.0060,-1.61%,383,1390790,2797,2.850,131,-11,0.3735,0.3721,0.3809,0.3506
_SO,10001314,50ETF购12月2550,0.0830,-0.0015,-1.78%,16362,14251080,23879,2.550,40,1872,0.0845,0.0859,0.0937,0.0777
_SO,10001486,50ETF沽11月2750,0.2405,-0.0045,-1.84%,3864,9073723,5947,2.750,12,29,0.2450,0.2362,0.2577,0.2162
_SO,10001517,50ETF沽6月2700,0.2887,-0.0055,-1.87%,75,216895,572,2.700,222,-24,0.2942,0.2946,0.3030,0.2791
_SO,10001488,50ETF沽11月2850,0.3385,-0.0065,-1.88%,2544,8441987,4723,2.850,12,287,0.3450,0.3302,0.3550,0.3132
_SO,10001511,50ETF沽6月2400,0.1342,-0.0026,-1.90%,486,632502,2196,2.400,222,-83,0.1368,0.1362,0.1419,0.1267
_SO,10001520,50ETF沽6月2300,0.0974,-0.0019,-1.91%,634,594917,2162,2.300,222,11,0.0993,0.0996,0.1014,0.0911
_SO,10001313,50ETF购12月2500,0.1064,-0.0021,-1.94%,29068,32156217,26670,2.500,40,2452,0.1085,0.1096,0.1196,0.0993
_SO,10001325,50ETF沽12月2650,0.1797,-0.0036,-1.96%,5739,10180413,6565,2.650,40,-84,0.1833,0.1840,0.1935,0.1623
_SO,10001513,50ETF沽6月2500,0.1776,-0.0037,-2.04%,321,566335,2399,2.500,222,-77,0.1813,0.1795,0.1851,0.1691
_SO,10001487,50ETF沽11月2800,0.2889,-0.0061,-2.07%,2341,6620972,2274,2.800,12,-250,0.2950,0.2823,0.3040,0.2652
_SO,10001331,50ETF购12月2450,0.1326,-0.0028,-2.07%,8084,11091825,10962,2.450,40,541,0.1354,0.1373,0.1484,0.1250
_SO,10001469,50ETF购3月2850,0.0655,-0.0014,-2.09%,1074,732568,13208,2.850,131,291,0.0669,0.0688,0.0714,0.0638
_SO,10001426,50ETF沽3月2400,0.1006,-0.0022,-2.14%,331,321259,5898,2.400,131,-76,0.1028,0.1025,0.1042,0.0935
_SO,10001442,50ETF沽3月2200,0.0410,-0.0009,-2.15%,1682,665327,13729,2.200,131,446,0.0419,0.0433,0.0439,0.0364
_SO,10001429,50ETF沽3月2550,0.1697,-0.0038,-2.19%,849,1407080,2966,2.550,131,137,0.1735,0.1696,0.1787,0.1587
_SO,10001522,50ETF沽6月2250,0.0802,-0.0018,-2.20%,1088,867662,4906,2.250,222,605,0.0820,0.0820,0.0860,0.0756
_SO,10001324,50ETF沽12月2600,0.1460,-0.0035,-2.34%,8503,12155637,9928,2.600,40,1106,0.1495,0.1501,0.1596,0.1301
_SO,10001430,50ETF沽3月2600,0.1960,-0.0050,-2.49%,769,1498630,3960,2.600,131,-67,0.2010,0.2001,0.2077,0.1853
_SO,10001438,50ETF沽3月2300,0.0662,-0.0018,-2.65%,1479,940948,4564,2.300,131,482,0.0680,0.0672,0.0705,0.0601
_SO,10001440,50ETF沽3月2250,0.0525,-0.0016,-2.96%,456,231270,10223,2.250,131,8,0.0541,0.0520,0.0558,0.0470
_SO,10001428,50ETF沽3月2500,0.1443,-0.0044,-2.96%,1219,1736693,3918,2.500,131,-117,0.1487,0.1463,0.1524,0.1330
_SO,10001433,50ETF沽3月2750,0.2897,-0.0096,-3.21%,104,302837,2234,2.750,131,-,0.2993,0.2976,0.3069,0.2812
_SO,10001323,50ETF沽12月2550,0.1153,-0.0039,-3.27%,14712,16577500,14504,2.550,40,2244,0.1192,0.1170,0.1272,0.1012
_SO,10001431,50ETF沽3月2650,0.2235,-0.0083,-3.58%,349,783733,1440,2.650,131,40,0.2318,0.2311,0.2350,0.2149
_SO,10001510,50ETF沽6月2350,0.1121,-0.0044,-3.78%,255,281949,2506,2.350,222,15,0.1165,0.1167,0.1191,0.1074
_SO,10001483,50ETF沽11月2600,0.1101,-0.0048,-4.18%,35025,37716706,48313,2.600,12,-1150,0.1149,0.1149,0.1278,0.0934
_SO,10001471,50ETF购11月2450,0.0901,-0.0040,-4.25%,67502,65184594,40424,2.450,12,-780,0.0941,0.0945,0.1088,0.0829
_SO,10001315,50ETF购12月2600,0.0630,-0.0028,-4.26%,20765,13853371,35025,2.600,40,3103,0.0658,0.0660,0.0721,0.0600
_SO,10001317,50ETF购12月2700,0.0353,-0.0016,-4.34%,9949,3678648,32516,2.700,40,1995,0.0369,0.0367,0.0410,0.0330
_SO,10001316,50ETF购12月2650,0.0471,-0.0023,-4.66%,8544,4273617,26805,2.650,40,1665,0.0494,0.0500,0.0540,0.0448
_SO,10001332,50ETF沽12月2450,0.0665,-0.0034,-4.86%,12544,8122759,16773,2.450,40,744,0.0699,0.0719,0.0751,0.0570
_SO,10001322,50ETF沽12月2500,0.0890,-0.0046,-4.91%,26379,22960322,22213,2.500,40,1766,0.0936,0.0930,0.0996,0.0771
_SO,10001482,50ETF沽11月2550,0.0769,-0.0040,-4.94%,88045,66035506,62241,2.550,12,960,0.0809,0.0801,0.0918,0.0634
_SO,10001370,50ETF沽12月2350,0.0333,-0.0023,-6.46%,9682,3090696,29090,2.350,40,4190,0.0356,0.0360,0.0379,0.0272
_SO,10001360,50ETF沽12月2400,0.0480,-0.0037,-7.16%,9349,4356520,20062,2.400,40,2508,0.0517,0.0510,0.0547,0.0405
_SO,10001319,50ETF购12月2800,0.0174,-0.0014,-7.45%,7815,1450979,28527,2.800,40,2146,0.0188,0.0188,0.0205,0.0168
_SO,10001472,50ETF购11月2500,0.0597,-0.0049,-7.59%,206004,136388917,100261,2.500,12,-12797,0.0646,0.0655,0.0758,0.0561
_SO,10001333,50ETF购12月2950,0.0057,-0.0005,-8.06%,4619,280892,58322,2.950,40,-705,0.0062,0.0061,0.0066,0.0055
_SO,10001481,50ETF沽11月2500,0.0491,-0.0049,-9.07%,164774,81508866,79817,2.500,12,956,0.0540,0.0524,0.0618,0.0403
_SO,10001318,50ETF购12月2750,0.0246,-0.0025,-9.23%,7382,1984462,22560,2.750,40,-128,0.0271,0.0266,0.0292,0.0241
_SO,10001473,50ETF购11月2550,0.0379,-0.0040,-9.55%,161428,69297302,145832,2.550,12,-5317,0.0419,0.0423,0.0493,0.0361
_SO,10001378,50ETF沽12月2300,0.0218,-0.0027,-11.02%,5809,1235159,21424,2.300,40,1368,0.0245,0.0239,0.0259,0.0175
_SO,10001320,50ETF购12月2850,0.0117,-0.0015,-11.36%,7515,959841,33464,2.850,40,966,0.0132,0.0131,0.0143,0.0115
_SO,10001384,50ETF沽12月2250,0.0135,-0.0020,-12.90%,6831,893831,28901,2.250,40,2850,0.0155,0.0157,0.0163,0.0106
_SO,10001321,50ETF购12月2900,0.0080,-0.0013,-13.98%,5103,451498,37937,2.900,40,-450,0.0093,0.0093,0.0098,0.0079
_SO,10001412,50ETF沽12月2200,0.0086,-0.0014,-14.00%,9245,790037,55549,2.200,40,-595,0.0100,0.0098,0.0104,0.0066
_SO,10001474,50ETF购11月2600,0.0217,-0.0037,-14.57%,88110,22670557,151845,2.600,12,293,0.0254,0.0253,0.0303,0.0210
_SO,10001475,50ETF购11月2650,0.0119,-0.0021,-15.00%,54803,7683682,111693,2.650,12,1905,0.0140,0.0139,0.0168,0.0110
_SO,10001480,50ETF沽11月2450,0.0285,-0.0058,-16.91%,90057,26875527,84582,2.450,12,-2128,0.0343,0.0325,0.0388,0.0237
_SO,10001477,50ETF购11月2750,0.0024,-0.0006,-20.00%,20846,696382,78054,2.750,12,-1450,0.0030,0.0031,0.0040,0.0022
_SO,10001492,50ETF沽11月2400,0.0153,-0.0039,-20.31%,56371,8991535,82490,2.400,12,3559,0.0192,0.0179,0.0215,0.0121
_SO,10001479,50ETF购11月2850,0.0007,-0.0002,-22.22%,11587,108667,100130,2.850,12,-820,0.0009,0.0009,0.0013,0.0007
_SO,10001476,50ETF购11月2700,0.0055,-0.0020,-26.67%,33368,2438631,93841,2.700,12,-234,0.0075,0.0075,0.0089,0.0054
_SO,10001491,50ETF沽11月2350,0.0073,-0.0027,-27.00%,39281,2878933,86087,2.350,12,-393,0.0100,0.0096,0.0106,0.0054
_SO,10001478,50ETF购11月2800,0.0012,-0.0005,-29.41%,14420,243809,68130,2.800,12,-2440,0.0017,0.0016,0.0020,0.0012
_SO,10001500,50ETF沽11月2200,0.0007,-0.0003,-30.00%,7470,51141,63992,2.200,12,-1515,0.0010,0.0009,0.0010,0.0005
_SO,10001496,50ETF沽11月2300,0.0031,-0.0015,-32.61%,24543,827053,95607,2.300,12,-7400,0.0046,0.0044,0.0049,0.0025
_SO,10001495,50ETF沽11月2250,0.0012,-0.0008,-40.00%,10893,167223,55501,2.250,12,-3570,0.0020,0.0019,0.0020,0.0011