_SO,10001319,50ETF购12月2800,0.0280,0.0041,17.15%,3161,921855,16358,2.800,57,-232,0.0239,0.0233,0.0331,0.0233
_SO,10001472,50ETF购11月2500,0.0786,0.0111,16.44%,184235,151081723,75957,2.500,29,-5528,0.0675,0.0685,0.0941,0.0676
_SO,10001471,50ETF购11月2450,0.1038,0.0146,16.37%,122211,127171461,48386,2.450,29,-800,0.0892,0.0888,0.1203,0.0881
_SO,10001316,50ETF购12月2650,0.0573,0.0079,15.99%,5381,3137635,15040,2.650,57,-286,0.0494,0.0491,0.0667,0.0491
_SO,10001317,50ETF购12月2700,0.0450,0.0062,15.98%,5161,2392295,25016,2.700,57,-263,0.0388,0.0386,0.0530,0.0386
_SO,10001321,50ETF购12月2900,0.0170,0.0023,15.65%,9990,1820579,32929,2.900,57,2579,0.0147,0.0141,0.0203,0.0141
_SO,10001474,50ETF购11月2600,0.0441,0.0055,14.25%,112578,52933629,109349,2.600,29,1839,0.0386,0.0390,0.0538,0.0390
_SO,10001318,50ETF购12月2750,0.0354,0.0044,14.19%,3249,1217641,13666,2.750,57,136,0.0310,0.0303,0.0420,0.0303
_SO,10001473,50ETF购11月2550,0.0588,0.0073,14.17%,136903,85395820,100388,2.550,29,-4186,0.0515,0.0517,0.0717,0.0517
_SO,10001320,50ETF购12月2850,0.0219,0.0027,14.06%,4777,1099483,22326,2.850,57,135,0.0192,0.0185,0.0258,0.0185
_SO,10001315,50ETF购12月2600,0.0707,0.0085,13.67%,5164,3807758,15931,2.600,57,-532,0.0622,0.0620,0.0820,0.0608
_SO,10001490,50ETF购11月2400,0.1298,0.0154,13.46%,42886,56995817,22787,2.400,29,688,0.1144,0.1144,0.1513,0.1113
_SO,10001331,50ETF购12月2450,0.1317,0.0155,13.34%,4050,5403548,8375,2.450,57,110,0.1162,0.1116,0.1484,0.1116
_SO,10001494,50ETF购11月2300,0.1994,0.0223,12.59%,6941,13945737,5259,2.300,29,10,0.1771,0.1707,0.2250,0.1707
_SO,10001314,50ETF购12月2550,0.0877,0.0096,12.29%,5933,5347903,13576,2.550,57,63,0.0781,0.0770,0.1014,0.0750
_SO,10001489,50ETF购11月2350,0.1620,0.0174,12.03%,21712,36000430,10285,2.350,29,597,0.1446,0.1430,0.1860,0.1395
_SO,10001313,50ETF购12月2500,0.1080,0.0113,11.69%,7751,8578632,13019,2.500,57,386,0.0967,0.0947,0.1231,0.0947
_SO,10001359,50ETF购12月2400,0.1597,0.0164,11.44%,2680,4278006,5910,2.400,57,55,0.1433,0.1388,0.1791,0.1388
_SO,10001475,50ETF购11月2650,0.0327,0.0032,10.85%,74731,25883445,116774,2.650,29,7325,0.0295,0.0298,0.0396,0.0298
_SO,10001369,50ETF购12月2350,0.1906,0.0184,10.69%,2272,4387450,6401,2.350,57,190,0.1722,0.1648,0.2110,0.1648
_SO,10001425,50ETF购3月2800,0.0781,0.0072,10.16%,646,510863,10544,2.800,148,-83,0.0709,0.0709,0.0849,0.0709
_SO,10001377,50ETF购12月2300,0.2230,0.0202,9.96%,1021,2265720,4472,2.300,57,-244,0.2028,0.2028,0.2472,0.2028
_SO,10001493,50ETF购11月2250,0.2385,0.0211,9.71%,5908,14292630,4948,2.250,29,-272,0.2174,0.2101,0.2668,0.2101
_SO,10001333,50ETF购12月2950,0.0128,0.0011,9.40%,8924,1239853,49563,2.950,57,1532,0.0117,0.0122,0.0157,0.0117
_SO,10001469,50ETF购3月2850,0.0671,0.0057,9.28%,1054,718226,11332,2.850,148,280,0.0614,0.0608,0.0729,0.0608
_SO,10001503,50ETF购6月2450,0.2621,0.0220,9.16%,313,797006,884,2.450,239,-72,0.2401,0.2453,0.2657,0.2370
_SO,10001435,50ETF购3月2350,0.2691,0.0222,8.99%,174,452491,1949,2.350,148,-19,0.2469,0.2458,0.2791,0.2416
_SO,10001383,50ETF购12月2250,0.2602,0.0214,8.96%,828,2188222,2116,2.250,57,171,0.2388,0.2402,0.2861,0.2389
_SO,10001499,50ETF购11月2200,0.2803,0.0229,8.90%,5321,15180875,4035,2.200,29,-126,0.2574,0.2580,0.3112,0.2558
_SO,10001424,50ETF购3月2750,0.0909,0.0074,8.86%,386,350322,4934,2.750,148,50,0.0835,0.0826,0.0982,0.0822
_SO,10001423,50ETF购3月2700,0.1049,0.0083,8.59%,636,650395,4884,2.700,148,8,0.0966,0.0960,0.1130,0.0953
_SO,10001476,50ETF购11月2700,0.0224,0.0017,8.21%,49810,12406823,71973,2.700,29,2313,0.0207,0.0201,0.0290,0.0195
_SO,10001422,50ETF购3月2650,0.1211,0.0091,8.13%,461,563011,4353,2.650,148,42,0.1120,0.1110,0.1307,0.1100
_SO,10001502,50ETF购6月2400,0.2863,0.0211,7.96%,129,358022,515,2.400,239,18,0.2652,0.2715,0.2918,0.2625
_SO,10001419,50ETF购3月2500,0.1822,0.0133,7.87%,878,1590299,6711,2.500,148,6,0.1689,0.1683,0.1950,0.1659
_SO,10001420,50ETF购3月2550,0.1595,0.0115,7.77%,700,1123897,5238,2.550,148,110,0.1480,0.1470,0.1710,0.1452
_SO,10001411,50ETF购12月2200,0.2984,0.0204,7.34%,1217,3723698,3684,2.200,57,96,0.2780,0.2775,0.3277,0.2754
_SO,10001421,50ETF购3月2600,0.1388,0.0093,7.18%,1093,1510101,6488,2.600,148,74,0.1295,0.1275,0.1500,0.1265
_SO,10001418,50ETF购3月2450,0.2055,0.0126,6.53%,613,1260560,2986,2.450,148,47,0.1929,0.1916,0.2200,0.1887
_SO,10001437,50ETF购3月2300,0.2947,0.0173,6.24%,288,844209,3806,2.300,148,-105,0.2774,0.2765,0.3098,0.2716
_SO,10001439,50ETF购3月2250,0.3279,0.0191,6.19%,257,838395,1449,2.250,148,-39,0.3088,0.3043,0.3482,0.3043
_SO,10001417,50ETF购3月2400,0.2318,0.0132,6.04%,358,832457,1949,2.400,148,-54,0.2186,0.2175,0.2472,0.2140
_SO,10001501,50ETF购6月2350,0.3091,0.0163,5.57%,260,785850,506,2.350,239,124,0.2928,0.2995,0.3214,0.2885
_SO,10001504,50ETF购6月2500,0.2283,0.0115,5.30%,384,881083,935,2.500,239,-137,0.2168,0.2182,0.2400,0.2135
_SO,10001478,50ETF购11月2800,0.0100,0.0005,5.26%,33763,3957952,67033,2.800,29,5486,0.0095,0.0100,0.0137,0.0092
_SO,10001506,50ETF购6月2600,0.1848,0.0091,5.18%,313,584803,715,2.600,239,3,0.1757,0.1809,0.1927,0.1762
_SO,10001505,50ETF购6月2550,0.2047,0.0093,4.76%,510,1069485,921,2.550,239,-93,0.1954,0.1982,0.2163,0.1913
_SO,10001507,50ETF购6月2650,0.1650,0.0075,4.76%,207,341231,361,2.650,239,37,0.1575,0.1572,0.1728,0.1550
_SO,10001521,50ETF购6月2250,0.3700,0.0167,4.73%,114,405734,86,2.250,239,86,0.3533,0.3578,0.3792,0.3484
_SO,10001479,50ETF购11月2850,0.0069,0.0003,4.55%,39369,3095178,114686,2.850,29,3748,0.0066,0.0066,0.0099,0.0060
_SO,10001441,50ETF购3月2200,0.3612,0.0156,4.51%,571,2063503,5909,2.200,148,77,0.3456,0.3390,0.3850,0.3390
_SO,10001509,50ETF购6月2750,0.1327,0.0057,4.49%,818,1102790,1279,2.750,239,-163,0.1270,0.1266,0.1411,0.1248
_SO,10001508,50ETF购6月2700,0.1462,0.0050,3.54%,165,239484,276,2.700,239,57,0.1412,0.1450,0.1560,0.1396
_SO,10001477,50ETF购11月2750,0.0151,0.0005,3.42%,29383,5149573,58229,2.750,29,1985,0.0146,0.0146,0.0200,0.0125
_SO,10001519,50ETF购6月2300,0.3350,0.0107,3.30%,279,940606,261,2.300,239,142,0.3243,0.3272,0.3500,0.3171
_SO,10001432,50ETF沽3月2700,0.2937,-0.0102,-3.36%,170,492576,2168,2.700,148,11,0.3039,0.3081,0.3081,0.2725
_SO,10001434,50ETF沽3月2800,0.3619,-0.0136,-3.62%,579,2082159,3374,2.800,148,7,0.3755,0.3825,0.3825,0.3418
_SO,10001429,50ETF沽3月2550,0.1990,-0.0076,-3.68%,575,1111313,3165,2.550,148,-16,0.2066,0.2057,0.2109,0.1816
_SO,10001430,50ETF沽3月2600,0.2276,-0.0094,-3.97%,438,982188,3975,2.600,148,-30,0.2370,0.2379,0.2414,0.1101
_SO,10001431,50ETF沽3月2650,0.2586,-0.0108,-4.01%,245,639016,1467,2.650,148,-75,0.2694,0.2734,0.2740,0.2392
_SO,10001470,50ETF沽3月2850,0.4012,-0.0178,-4.25%,344,1373401,1819,2.850,148,37,0.4190,0.4213,0.4213,0.3796
_SO,10001427,50ETF沽3月2450,0.1460,-0.0065,-4.26%,648,917098,4840,2.450,148,3,0.1525,0.1547,0.1547,0.1321
_SO,10001511,50ETF沽6月2400,0.1538,-0.0073,-4.53%,447,696779,898,2.400,239,261,0.1611,0.1572,0.1619,0.1402
_SO,10001436,50ETF沽3月2350,0.1028,-0.0049,-4.55%,377,384660,2867,2.350,148,-106,0.1077,0.1090,0.1110,0.0915
_SO,10001428,50ETF沽3月2500,0.1695,-0.0085,-4.78%,541,906119,3567,2.500,148,99,0.1780,0.1794,0.1813,0.1546
_SO,10001433,50ETF沽3月2750,0.3246,-0.0172,-5.03%,164,538766,1853,2.750,148,24,0.3418,0.3445,0.3445,0.3064
_SO,10001438,50ETF沽3月2300,0.0848,-0.0045,-5.04%,514,428996,3259,2.300,148,23,0.0893,0.0902,0.0916,0.0756
_SO,10001513,50ETF沽6月2500,0.1991,-0.0109,-5.19%,521,1020574,928,2.500,239,148,0.2100,0.2106,0.2125,0.1851
_SO,10001517,50ETF沽6月2700,0.3135,-0.0173,-5.23%,105,336306,194,2.700,239,4,0.3308,0.3343,0.3343,0.3031
_SO,10001516,50ETF沽6月2650,0.2821,-0.0156,-5.24%,301,865018,540,2.650,239,118,0.2977,0.3014,0.3014,0.2678
_SO,10001426,50ETF沽3月2400,0.1221,-0.0068,-5.28%,435,529323,5441,2.400,148,-12,0.1289,0.1299,0.1321,0.1110
_SO,10001522,50ETF沽6月2250,0.0940,-0.0056,-5.62%,647,616023,347,2.250,239,347,0.0996,0.1007,0.1031,0.0855
_SO,10001515,50ETF沽6月2600,0.2522,-0.0152,-5.68%,592,1476178,589,2.600,239,-49,0.2674,0.2701,0.2701,0.2388
_SO,10001520,50ETF沽6月2300,0.1113,-0.0068,-5.76%,368,418043,723,2.300,239,-49,0.1181,0.1180,0.1197,0.1031
_SO,10001518,50ETF沽6月2750,0.3443,-0.0213,-5.83%,240,845670,451,2.750,239,47,0.3656,0.3687,0.3687,0.3300
_SO,10001440,50ETF沽3月2250,0.0684,-0.0043,-5.91%,278,183316,8727,2.250,148,-21,0.0727,0.0727,0.0730,0.0603
_SO,10001327,50ETF沽12月2750,0.3050,-0.0195,-6.01%,530,1566120,3885,2.750,57,-58,0.3245,0.3329,0.3329,0.2789
_SO,10001510,50ETF沽6月2350,0.1302,-0.0084,-6.06%,412,537960,1293,2.350,239,-57,0.1386,0.1393,0.1393,0.1207
_SO,10001514,50ETF沽6月2550,0.2235,-0.0147,-6.17%,570,1243641,795,2.550,239,-187,0.2382,0.2405,0.2405,0.2103
_SO,10001328,50ETF沽12月2800,0.3455,-0.0242,-6.55%,958,3333435,4594,2.800,57,-107,0.3697,0.3725,0.3752,0.3205
_SO,10001442,50ETF沽3月2200,0.0548,-0.0039,-6.64%,1380,747978,10193,2.200,148,-140,0.0587,0.0587,0.0601,0.0485
_SO,10001326,50ETF沽12月2700,0.2651,-0.0196,-6.88%,1245,3201739,6118,2.700,57,-41,0.2847,0.2879,0.2879,0.2401
_SO,10001334,50ETF沽12月2950,0.4810,-0.0380,-7.32%,394,1906086,9016,2.950,57,46,0.5190,0.5150,0.5150,0.4560
_SO,10001325,50ETF沽12月2650,0.2256,-0.0189,-7.73%,2155,4739498,5720,2.650,57,-127,0.2445,0.2507,0.2507,0.2044
_SO,10001488,50ETF沽11月2850,0.3839,-0.0351,-8.38%,2346,8981250,3662,2.850,29,222,0.4190,0.4083,0.4140,0.3539
_SO,10001486,50ETF沽11月2750,0.2920,-0.0270,-8.46%,5129,15072809,6979,2.750,29,-593,0.3190,0.3231,0.3241,0.2650
_SO,10001324,50ETF沽12月2600,0.1907,-0.0178,-8.54%,2022,3806754,4817,2.600,57,-307,0.2085,0.2127,0.2127,0.1701
_SO,10001485,50ETF沽11月2700,0.2498,-0.0235,-8.60%,4904,12347659,13233,2.700,29,236,0.2733,0.2831,0.2831,0.2237
_SO,10001512,50ETF沽6月2450,0.1678,-0.0165,-8.95%,644,1119513,1589,2.450,239,154,0.1843,0.1850,0.1868,0.1617
_SO,10001487,50ETF沽11月2800,0.3359,-0.0331,-8.97%,3113,10447639,3199,2.800,29,-269,0.3690,0.3650,0.3674,0.3087
_SO,10001323,50ETF沽12月2550,0.1579,-0.0158,-9.10%,1768,2738432,5560,2.550,57,-108,0.1737,0.1784,0.1784,0.1397
_SO,10001384,50ETF沽12月2250,0.0316,-0.0032,-9.20%,3449,1034459,15731,2.250,57,-170,0.0348,0.0356,0.0367,0.0257
_SO,10001322,50ETF沽12月2500,0.1281,-0.0134,-9.47%,3924,4925790,9918,2.500,57,-504,0.1415,0.1429,0.1445,0.1119
_SO,10001330,50ETF沽12月2900,0.4244,-0.0446,-9.51%,184,812824,3469,2.900,57,50,0.4690,0.4606,0.4606,0.4074
_SO,10001329,50ETF沽12月2850,0.3775,-0.0415,-9.90%,219,832844,3023,2.850,57,-92,0.4190,0.4160,0.4160,0.3624
_SO,10001484,50ETF沽11月2650,0.2079,-0.0242,-10.43%,11279,23284172,24392,2.650,29,63,0.2321,0.2350,0.2420,0.1850
_SO,10001332,50ETF沽12月2450,0.1010,-0.0119,-10.54%,4064,4087382,8270,2.450,57,235,0.1129,0.1150,0.1167,0.0883
_SO,10001370,50ETF沽12月2350,0.0608,-0.0076,-11.11%,4171,2448939,15328,2.350,57,325,0.0684,0.0683,0.0703,0.0502
_SO,10001483,50ETF沽11月2600,0.1705,-0.0213,-11.11%,26773,45215990,41674,2.600,29,-1047,0.1918,0.1978,0.1987,0.1482
_SO,10001412,50ETF沽12月2200,0.0216,-0.0027,-11.11%,9456,1938445,37441,2.200,57,1628,0.0243,0.0258,0.0258,0.0174
_SO,10001360,50ETF沽12月2400,0.0796,-0.0106,-11.75%,5446,4291352,11341,2.400,57,9,0.0902,0.0910,0.0917,0.0678
_SO,10001378,50ETF沽12月2300,0.0440,-0.0063,-12.52%,3174,1386306,14095,2.300,57,194,0.0503,0.0501,0.0517,0.0366
_SO,10001481,50ETF沽11月2500,0.1062,-0.0155,-12.74%,87286,91005033,44946,2.500,29,3943,0.1217,0.1259,0.1269,0.0891
_SO,10001480,50ETF沽11月2450,0.0816,-0.0120,-12.82%,130724,102939207,55546,2.450,29,7099,0.0936,0.0950,0.0970,0.0655
_SO,10001482,50ETF沽11月2550,0.1352,-0.0203,-13.05%,47117,63698545,55637,2.550,29,-421,0.1555,0.1554,0.1600,0.1165
_SO,10001500,50ETF沽11月2200,0.0104,-0.0016,-13.33%,39064,3954097,63032,2.200,29,8,0.0120,0.0128,0.0135,0.0071
_SO,10001495,50ETF沽11月2250,0.0171,-0.0030,-14.93%,35927,6238917,59988,2.250,29,2987,0.0201,0.0206,0.0227,0.0130
_SO,10001496,50ETF沽11月2300,0.0273,-0.0048,-14.95%,53870,14464788,81962,2.300,29,5164,0.0321,0.0330,0.0360,0.0208
_SO,10001492,50ETF沽11月2400,0.0582,-0.0108,-15.65%,106738,62700117,52414,2.400,29,-346,0.0690,0.0690,0.0720,0.0466
_SO,10001491,50ETF沽11月2350,0.0407,-0.0080,-16.43%,75340,31450627,62305,2.350,29,4633,0.0487,0.0512,0.0517,0.0318