_SO,10001500,50ETF沽11月2200,0.0059,0.0004,7.27%,30591,1656031,25506,2.200,35,2908,0.0055,0.0047,0.0066,0.0039
_SO,10001495,50ETF沽11月2250,0.0090,0.0006,7.14%,44319,3580831,42530,2.250,35,5153,0.0084,0.0084,0.0105,0.0057
_SO,10001469,50ETF购3月2850,0.0773,0.0045,6.18%,2511,2052515,10596,2.850,154,423,0.0728,0.0710,0.0888,0.0710
_SO,10001425,50ETF购3月2800,0.0894,0.0049,5.80%,1710,1585245,10272,2.800,154,211,0.0845,0.0859,0.1026,0.0850
_SO,10001423,50ETF购3月2700,0.1204,0.0066,5.80%,1241,1555686,4324,2.700,154,475,0.1138,0.1121,0.1380,0.1121
_SO,10001445,50ETF购10月2400,0.1204,0.0066,5.80%,10440,13834895,2372,2.400,0,-2927,0.1138,0.1071,0.1757,0.1071
_SO,10001320,50ETF购12月2850,0.0289,0.0014,5.09%,4583,1449002,18876,2.850,63,93,0.0275,0.0265,0.0363,0.0265
_SO,10001496,50ETF沽11月2300,0.0146,0.0007,5.04%,40287,5362826,56431,2.300,35,11063,0.0139,0.0160,0.0170,0.0086
_SO,10001490,50ETF购11月2400,0.1694,0.0080,4.96%,26150,47172206,14384,2.400,35,-860,0.1614,0.1600,0.2123,0.1599
_SO,10001444,50ETF购10月2350,0.1720,0.0078,4.75%,5659,10780959,1301,2.350,0,-1490,0.1642,0.1552,0.2265,0.1552
_SO,10001420,50ETF购3月2550,0.1823,0.0082,4.71%,1368,2553430,4484,2.550,154,351,0.1741,0.1711,0.2074,0.1711
_SO,10001471,50ETF购11月2450,0.1355,0.0060,4.63%,44691,65668017,29605,2.450,35,2835,0.1295,0.1280,0.1744,0.1250
_SO,10001359,50ETF购12月2400,0.1997,0.0087,4.55%,2538,5300267,5021,2.400,63,476,0.1910,0.1858,0.2328,0.1858
_SO,10001422,50ETF购3月2650,0.1380,0.0060,4.55%,1016,1477327,3685,2.650,154,158,0.1320,0.1290,0.1585,0.1290
_SO,10001489,50ETF购11月2350,0.2075,0.0090,4.53%,7528,16694404,6761,2.350,35,-13,0.1985,0.1931,0.2539,0.1931
_SO,10001424,50ETF购3月2750,0.1036,0.0044,4.44%,762,818401,4258,2.750,154,251,0.0992,0.0996,0.1188,0.0911
_SO,10001494,50ETF购11月2300,0.2487,0.0099,4.15%,5761,15144428,3696,2.300,35,128,0.2388,0.2335,0.2974,0.2335
_SO,10001331,50ETF购12月2450,0.1656,0.0065,4.09%,2603,4555037,7054,2.450,63,34,0.1591,0.1450,0.1965,0.1450
_SO,10001472,50ETF购11月2500,0.1056,0.0040,3.94%,103085,120326637,43521,2.500,35,4017,0.1016,0.1013,0.1409,0.1000
_SO,10001317,50ETF购12月2700,0.0587,0.0022,3.89%,6029,3924038,18152,2.700,63,331,0.0565,0.0546,0.0739,0.0546
_SO,10001443,50ETF购10月2300,0.2224,0.0083,3.88%,2867,6837859,1471,2.300,0,-1227,0.2141,0.1960,0.2759,0.1960
_SO,10001313,50ETF购12月2500,0.1381,0.0051,3.83%,6782,9833359,10602,2.500,63,-391,0.1330,0.1321,0.1658,0.1280
_SO,10001314,50ETF购12月2550,0.1131,0.0041,3.76%,7443,8982334,11625,2.550,63,27,0.1090,0.1087,0.1377,0.1071
_SO,10001319,50ETF购12月2800,0.0362,0.0012,3.43%,3504,1421813,15520,2.800,63,-235,0.0350,0.0350,0.0464,0.0349
_SO,10001473,50ETF购11月2550,0.0814,0.0026,3.30%,153574,139248125,61288,2.550,35,9179,0.0788,0.0780,0.1110,0.0777
_SO,10001499,50ETF购11月2200,0.3400,0.0108,3.28%,3840,13526673,1944,2.200,35,684,0.3292,0.3292,0.3902,0.3292
_SO,10001493,50ETF购11月2250,0.2929,0.0093,3.28%,3841,11727711,2662,2.250,35,295,0.2836,0.2770,0.3433,0.2749
_SO,10001418,50ETF购3月2450,0.2334,0.0074,3.27%,947,2277851,2661,2.450,154,299,0.2260,0.2297,0.2650,0.2288
_SO,10001421,50ETF购3月2600,0.1581,0.0049,3.20%,1649,2747726,5630,2.600,154,40,0.1532,0.1490,0.1821,0.1490
_SO,10001419,50ETF购3月2500,0.2068,0.0063,3.14%,1662,3527531,6286,2.500,154,-31,0.2005,0.1954,0.2357,0.1954
_SO,10001369,50ETF购12月2350,0.2319,0.0065,2.88%,1026,2503343,5324,2.350,63,49,0.2254,0.2203,0.2712,0.2203
_SO,10001446,50ETF购10月2450,0.0678,0.0018,2.73%,38907,32450908,2161,2.450,0,-8525,0.0660,0.0638,0.1284,0.0602
_SO,10001333,50ETF购12月2950,0.0163,0.0004,2.52%,13391,2550103,45590,2.950,63,964,0.0159,0.0168,0.0215,0.0160
_SO,10001437,50ETF购3月2300,0.3307,0.0077,2.38%,662,2283682,2652,2.300,154,-163,0.3230,0.3260,0.3680,0.3242
_SO,10001411,50ETF购12月2200,0.3555,0.0081,2.33%,559,2038598,3139,2.200,63,-170,0.3474,0.3426,0.3999,0.3426
_SO,10001463,50ETF购10月2250,0.2701,0.0061,2.31%,2081,5946637,907,2.250,0,-925,0.2640,0.2532,0.3255,0.2532
_SO,10001417,50ETF购3月2400,0.2624,0.0059,2.30%,491,1328241,1859,2.400,154,57,0.2565,0.2560,0.2965,0.2560
_SO,10001441,50ETF购3月2200,0.4069,0.0091,2.29%,387,1614206,5005,2.200,154,-95,0.3978,0.4124,0.4435,0.3991
_SO,10001435,50ETF购3月2350,0.2942,0.0065,2.26%,146,440081,1946,2.350,154,24,0.2877,0.2904,0.3331,0.2903
_SO,10001491,50ETF沽11月2350,0.0234,0.0005,2.18%,45804,9804394,43114,2.350,35,8691,0.0229,0.0235,0.0266,0.0149
_SO,10001316,50ETF购12月2650,0.0730,0.0015,2.10%,5571,4463247,12863,2.650,63,179,0.0715,0.0679,0.0919,0.0679
_SO,10001439,50ETF购3月2250,0.3664,0.0072,2.00%,166,632659,1588,2.250,154,-41,0.3592,0.3739,0.4086,0.3597
_SO,10001383,50ETF购12月2250,0.3103,0.0058,1.90%,531,1723675,1533,2.250,63,-5,0.3045,0.3142,0.3553,0.3087
_SO,10001315,50ETF购12月2600,0.0912,0.0016,1.79%,7761,7672253,13329,2.600,63,-77,0.0896,0.0865,0.1130,0.0841
_SO,10001497,50ETF购10月2200,0.3194,0.0045,1.43%,817,2804211,545,2.200,0,-57,0.3149,0.3014,0.3746,0.3014
_SO,10001318,50ETF购12月2750,0.0461,0.0006,1.32%,4589,2397051,13517,2.750,63,-190,0.0455,0.0433,0.0589,0.0433
_SO,10001474,50ETF购11月2600,0.0611,0.0005,0.83%,160711,112964291,78750,2.600,35,6199,0.0606,0.0607,0.0853,0.0583
_SO,10001377,50ETF购12月2300,0.2650,0.0021,0.80%,623,1770618,4827,2.300,63,89,0.2629,0.2575,0.3120,0.2575
_SO,10001452,50ETF沽10月2300,0.0001,0.0000,0.00%,8153,8350,42273,2.300,0,-1435,0.0001,0.0001,0.0002,0.0001
_SO,10001461,50ETF购10月2750,0.0001,0.0000,0.00%,7879,8125,65851,2.750,0,-3287,0.0001,0.0001,0.0002,0.0001
_SO,10001498,50ETF沽10月2200,0.0001,0.0000,0.00%,1809,1809,8928,2.200,0,589,0.0001,0.0001,0.0001,0.0001
_SO,10001465,50ETF购10月2800,0.0001,0.0000,0.00%,332,332,39017,2.800,0,-244,0.0001,0.0001,0.0001,0.0001
_SO,10001466,50ETF购10月2850,0.0001,0.0000,0.00%,1223,1223,41640,2.850,0,-522,0.0001,0.0001,0.0001,0.0001
_SO,10001464,50ETF沽10月2250,0.0001,0.0000,0.00%,7468,7468,41473,2.250,0,-847,0.0001,0.0001,0.0001,0.0001
_SO,10001475,50ETF购11月2650,0.0447,-0.0003,-0.67%,111400,58687203,79213,2.650,35,16088,0.0450,0.0429,0.0644,0.0429
_SO,10001384,50ETF沽12月2250,0.0209,-0.0002,-0.95%,4132,779363,13957,2.250,63,795,0.0211,0.0227,0.0229,0.0135
_SO,10001440,50ETF沽3月2250,0.0510,-0.0005,-0.97%,2154,1026319,8404,2.250,154,1276,0.0515,0.0480,0.0517,0.0400
_SO,10001426,50ETF沽3月2400,0.0952,-0.0011,-1.14%,534,483079,5165,2.400,154,-92,0.0963,0.0970,0.0974,0.0777
_SO,10001428,50ETF沽3月2500,0.1366,-0.0018,-1.30%,1764,2292651,2979,2.500,154,-382,0.1384,0.1402,0.1402,0.1145
_SO,10001427,50ETF沽3月2450,0.1142,-0.0018,-1.55%,582,622961,4428,2.450,154,-43,0.1160,0.1150,0.1169,0.0940
_SO,10001433,50ETF沽3月2750,0.2790,-0.0053,-1.86%,1146,3152936,1726,2.750,154,-558,0.2843,0.2797,0.2841,0.2467
_SO,10001329,50ETF沽12月2850,0.3379,-0.0065,-1.89%,327,1044152,2749,2.850,63,-78,0.3444,0.3431,0.3431,0.2921
_SO,10001430,50ETF沽3月2600,0.1867,-0.0036,-1.89%,708,1252727,4179,2.600,154,-29,0.1903,0.1890,0.1909,0.1600
_SO,10001470,50ETF沽3月2850,0.3511,-0.0068,-1.90%,296,999912,1397,2.850,154,40,0.3579,0.3650,0.3650,0.3135
_SO,10001429,50ETF沽3月2550,0.1605,-0.0032,-1.95%,870,1309812,2953,2.550,154,-80,0.1637,0.1621,0.1642,0.1353
_SO,10001434,50ETF沽3月2800,0.3149,-0.0068,-2.11%,1124,3423658,3649,2.800,154,-45,0.3217,0.3189,0.3189,0.2772
_SO,10001442,50ETF沽3月2200,0.0398,-0.0009,-2.21%,1611,589672,9602,2.200,154,-18,0.0407,0.0430,0.0430,0.0310
_SO,10001432,50ETF沽3月2700,0.2464,-0.0058,-2.30%,428,1014676,1884,2.700,154,114,0.2522,0.2499,0.2516,0.2171
_SO,10001436,50ETF沽3月2350,0.0778,-0.0019,-2.38%,751,555774,2944,2.350,154,182,0.0797,0.0790,0.0800,0.0625
_SO,10001438,50ETF沽3月2300,0.0627,-0.0016,-2.49%,906,521304,3204,2.300,154,37,0.0643,0.0614,0.0648,0.0504
_SO,10001330,50ETF沽12月2900,0.3774,-0.0116,-2.98%,513,1851939,3050,2.900,63,-12,0.3890,0.3849,0.3849,0.3311
_SO,10001468,50ETF沽10月2850,0.3284,-0.0106,-3.13%,1567,4920543,1253,2.850,0,97,0.3390,0.3495,0.3495,0.2752
_SO,10001431,50ETF沽3月2650,0.2151,-0.0074,-3.33%,624,1291277,1297,2.650,154,115,0.2225,0.2242,0.2242,0.1880
_SO,10001327,50ETF沽12月2750,0.2519,-0.0088,-3.38%,1137,2746055,3865,2.750,63,-122,0.2607,0.2650,0.2651,0.2134
_SO,10001486,50ETF沽11月2750,0.2370,-0.0085,-3.46%,7351,16499420,8951,2.750,35,1618,0.2455,0.2524,0.2524,0.1939
_SO,10001326,50ETF沽12月2700,0.2144,-0.0079,-3.55%,1770,3604473,4988,2.700,63,-339,0.2223,0.2267,0.2288,0.1784
_SO,10001467,50ETF沽10月2800,0.2787,-0.0103,-3.56%,1273,3284428,613,2.800,0,-71,0.2890,0.2922,0.2922,0.2238
_SO,10001328,50ETF沽12月2800,0.2896,-0.0117,-3.88%,1256,3525806,4348,2.800,63,-63,0.3013,0.3024,0.3024,0.2505
_SO,10001476,50ETF购11月2700,0.0320,-0.0013,-3.90%,68929,26570529,55871,2.700,35,6759,0.0333,0.0347,0.0476,0.0306
_SO,10001378,50ETF沽12月2300,0.0293,-0.0012,-3.93%,4032,1025387,12233,2.300,63,193,0.0305,0.0326,0.0326,0.0198
_SO,10001487,50ETF沽11月2800,0.2790,-0.0117,-4.02%,6134,16253581,3934,2.800,35,318,0.2907,0.3011,0.3011,0.2336
_SO,10001488,50ETF沽11月2850,0.3252,-0.0138,-4.07%,4387,13883176,2910,2.850,35,16,0.3390,0.3390,0.3390,0.2768
_SO,10001334,50ETF沽12月2950,0.4200,-0.0190,-4.33%,1658,6968675,8661,2.950,63,1043,0.4390,0.4278,0.4346,0.3753
_SO,10001492,50ETF沽11月2400,0.0353,-0.0016,-4.34%,65398,21415745,47061,2.400,35,10617,0.0369,0.0380,0.0400,0.0237
_SO,10001460,50ETF沽10月2700,0.1805,-0.0085,-4.50%,5278,8633219,1742,2.700,0,-2687,0.1890,0.1962,0.1962,0.1225
_SO,10001412,50ETF沽12月2200,0.0137,-0.0007,-4.86%,9033,1146410,31069,2.200,63,2391,0.0144,0.0155,0.0156,0.0091
_SO,10001360,50ETF沽12月2400,0.0544,-0.0029,-5.06%,3881,1999390,9118,2.400,63,669,0.0573,0.0602,0.0602,0.0403
_SO,10001324,50ETF沽12月2600,0.1458,-0.0078,-5.08%,4358,6166099,4774,2.600,63,121,0.1536,0.1578,0.1595,0.1190
_SO,10001483,50ETF沽11月2600,0.1255,-0.0068,-5.14%,59270,70172058,36894,2.600,35,4648,0.1323,0.1328,0.1359,0.0947
_SO,10001485,50ETF沽11月2700,0.1969,-0.0108,-5.20%,11015,20629875,12598,2.700,35,1525,0.2077,0.2114,0.2114,0.1566
_SO,10001325,50ETF沽12月2650,0.1775,-0.0099,-5.28%,2267,3875559,4678,2.650,63,-259,0.1874,0.1909,0.1917,0.1472
_SO,10001321,50ETF购12月2900,0.0224,-0.0013,-5.49%,7677,1887986,29530,2.900,63,2187,0.0237,0.0218,0.0286,0.0216
_SO,10001480,50ETF沽11月2450,0.0515,-0.0030,-5.50%,81020,39232364,42487,2.450,35,9451,0.0545,0.0535,0.0573,0.0354
_SO,10001323,50ETF沽12月2550,0.1178,-0.0070,-5.61%,4881,5469958,4536,2.550,63,597,0.1248,0.1285,0.1285,0.0942
_SO,10001322,50ETF沽12月2500,0.0932,-0.0058,-5.86%,6748,5963458,10337,2.500,63,771,0.0990,0.1001,0.1019,0.0721
_SO,10001462,50ETF沽10月2750,0.2241,-0.0149,-6.23%,3252,7070043,1657,2.750,0,-1011,0.2390,0.2444,0.2444,0.1740
_SO,10001332,50ETF沽12月2450,0.0716,-0.0048,-6.28%,4452,3045051,6946,2.450,63,-444,0.0764,0.0791,0.0798,0.0549
_SO,10001484,50ETF沽11月2650,0.1589,-0.0109,-6.42%,22387,33658869,18918,2.650,35,2773,0.1698,0.1727,0.1745,0.1242
_SO,10001477,50ETF购11月2750,0.0227,-0.0017,-6.97%,36210,9881836,45330,2.750,35,6178,0.0244,0.0275,0.0341,0.0215
_SO,10001370,50ETF沽12月2350,0.0399,-0.0030,-6.99%,4677,1739463,13905,2.350,63,716,0.0429,0.0449,0.0449,0.0287
_SO,10001481,50ETF沽11月2500,0.0713,-0.0064,-8.24%,134724,91481408,40388,2.500,35,7547,0.0777,0.0775,0.0794,0.0506
_SO,10001482,50ETF沽11月2550,0.0963,-0.0091,-8.63%,143441,130236621,51587,2.550,35,13319,0.1054,0.1004,0.1054,0.0700
_SO,10001478,50ETF购11月2800,0.0149,-0.0016,-9.70%,36685,6902427,46309,2.800,35,6262,0.0165,0.0165,0.0239,0.0143
_SO,10001459,50ETF沽10月2650,0.1240,-0.0150,-10.79%,17313,20094575,4295,2.650,0,-7372,0.1390,0.1463,0.1463,0.0747
_SO,10001458,50ETF沽10月2600,0.0810,-0.0101,-11.09%,44197,28551877,6684,2.600,0,-14028,0.0911,0.0968,0.0968,0.0311
_SO,10001479,50ETF购11月2850,0.0099,-0.0021,-17.50%,51540,6629823,78483,2.850,35,9912,0.0120,0.0115,0.0165,0.0096
_SO,10001447,50ETF购10月2500,0.0187,-0.0092,-32.97%,181309,68958216,4498,2.500,0,-33694,0.0279,0.0250,0.0776,0.0150
_SO,10001457,50ETF沽10月2550,0.0277,-0.0203,-42.29%,127418,32270296,7356,2.550,0,-21458,0.0480,0.0500,0.0500,0.0048
_SO,10001451,50ETF购10月2700,0.0001,-0.0002,-66.67%,13056,22829,66150,2.700,0,-3744,0.0003,0.0002,0.0005,0.0001
_SO,10001453,50ETF沽10月2350,0.0001,-0.0002,-66.67%,4250,4582,37805,2.350,0,-1522,0.0003,0.0003,0.0003,0.0001
_SO,10001454,50ETF沽10月2400,0.0001,-0.0007,-87.50%,7318,10952,33637,2.400,0,-2865,0.0008,0.0008,0.0014,0.0001
_SO,10001450,50ETF购10月2650,0.0001,-0.0008,-88.89%,47143,224929,77423,2.650,0,-9964,0.0009,0.0005,0.0017,0.0001
_SO,10001449,50ETF购10月2600,0.0001,-0.0026,-96.30%,145910,5209413,74794,2.600,0,-28724,0.0027,0.0009,0.0105,0.0001
_SO,10001455,50ETF沽10月2450,0.0001,-0.0045,-97.83%,31847,297003,28175,2.450,0,-6144,0.0046,0.0046,0.0053,0.0001
_SO,10001448,50ETF购10月2550,0.0001,-0.0095,-98.96%,245037,31413759,38839,2.550,0,-37717,0.0096,0.0081,0.0329,0.0001
_SO,10001456,50ETF沽10月2500,0.0001,-0.0167,-99.40%,120067,6390686,26351,2.500,0,-15690,0.0168,0.0166,0.0166,0.0001