_SO,10001481,50ETF沽11月2500,0.0439,0.0124,39.37%,135498,55392960,75195,2.500,8,-23441,0.0315,0.0365,0.0458,0.0338
_SO,10001482,50ETF沽11月2550,0.0736,0.0206,38.87%,89528,60509953,58109,2.550,8,-7560,0.0530,0.0600,0.0768,0.0569
_SO,10001492,50ETF沽11月2400,0.0101,0.0027,36.49%,57150,5502786,86503,2.400,8,-1150,0.0074,0.0086,0.0110,0.0075
_SO,10001480,50ETF沽11月2450,0.0230,0.0060,35.29%,70102,15339019,89344,2.450,8,-7388,0.0170,0.0199,0.0242,0.0178
_SO,10001483,50ETF沽11月2600,0.1113,0.0285,34.42%,31209,32186843,41188,2.600,8,-3253,0.0828,0.0914,0.1160,0.0885
_SO,10001484,50ETF沽11月2650,0.1555,0.0346,28.62%,11335,16488252,14462,2.650,8,-824,0.1209,0.1332,0.1600,0.1268
_SO,10001485,50ETF沽11月2700,0.2020,0.0378,23.02%,6012,11278950,8415,2.700,8,-1258,0.1642,0.1787,0.2068,0.1701
_SO,10001332,50ETF沽12月2450,0.0615,0.0115,23.00%,17537,10268914,23263,2.450,36,3557,0.0500,0.0550,0.0628,0.0513
_SO,10001378,50ETF沽12月2300,0.0179,0.0033,22.60%,16020,2675523,34607,2.300,36,5156,0.0146,0.0159,0.0182,0.0147
_SO,10001322,50ETF沽12月2500,0.0832,0.0139,20.06%,30733,24501244,30772,2.500,36,2870,0.0693,0.0750,0.0855,0.0710
_SO,10001496,50ETF沽11月2300,0.0018,0.0003,20.00%,17789,310240,82221,2.300,8,-1866,0.0015,0.0017,0.0021,0.0014
_SO,10001323,50ETF沽12月2550,0.1102,0.0179,19.39%,21147,22501808,20289,2.550,36,2079,0.0923,0.1012,0.1138,0.0954
_SO,10001360,50ETF沽12月2400,0.0417,0.0067,19.14%,14537,5859565,28193,2.400,36,5522,0.0350,0.0365,0.0434,0.0359
_SO,10001486,50ETF沽11月2750,0.2497,0.0387,18.34%,3121,7565486,3742,2.750,8,-1111,0.2110,0.2276,0.2559,0.2178
_SO,10001370,50ETF沽12月2350,0.0271,0.0042,18.34%,13571,3603643,36081,2.350,36,7064,0.0229,0.0241,0.0288,0.0235
_SO,10001324,50ETF沽12月2600,0.1416,0.0212,17.61%,10469,14362421,12490,2.600,36,2808,0.1204,0.1259,0.1454,0.1236
_SO,10001491,50ETF沽11月2350,0.0041,0.0006,17.14%,31507,1250804,78337,2.350,8,-3344,0.0035,0.0040,0.0045,0.0034
_SO,10001495,50ETF沽11月2250,0.0007,0.0001,16.67%,6009,43051,47174,2.250,8,-1815,0.0006,0.0006,0.0010,0.0005
_SO,10001325,50ETF沽12月2650,0.1763,0.0239,15.68%,3606,6148968,6556,2.650,36,659,0.1524,0.1593,0.1809,0.1558
_SO,10001326,50ETF沽12月2700,0.2154,0.0287,15.37%,2632,5473689,7402,2.700,36,678,0.1867,0.1961,0.2207,0.1910
_SO,10001327,50ETF沽12月2750,0.2581,0.0334,14.86%,1234,3039071,4140,2.750,36,334,0.2247,0.2367,0.2628,0.2301
_SO,10001487,50ETF沽11月2800,0.2993,0.0382,14.63%,1157,3312067,1807,2.800,8,-79,0.2611,0.2776,0.3039,0.2669
_SO,10001384,50ETF沽12月2250,0.0102,0.0012,13.33%,19440,1950874,40287,2.250,36,8233,0.0090,0.0098,0.0111,0.0087
_SO,10001328,50ETF沽12月2800,0.3023,0.0354,13.26%,1222,3583531,4088,2.800,36,411,0.2669,0.2787,0.3059,0.2721
_SO,10001488,50ETF沽11月2850,0.3488,0.0388,12.52%,736,2478132,4266,2.850,8,-112,0.3100,0.3290,0.3554,0.3158
_SO,10001329,50ETF沽12月2850,0.3491,0.0379,12.18%,518,1764643,2779,2.850,36,156,0.3112,0.3206,0.3534,0.3174
_SO,10001427,50ETF沽3月2450,0.1150,0.0117,11.33%,429,487529,4839,2.450,127,168,0.1033,0.1074,0.1166,0.1074
_SO,10001426,50ETF沽3月2400,0.0946,0.0095,11.16%,670,623677,5239,2.400,127,-323,0.0851,0.0882,0.1000,0.0875
_SO,10001438,50ETF沽3月2300,0.0604,0.0059,10.83%,942,566431,5432,2.300,127,377,0.0545,0.0580,0.0616,0.0560
_SO,10001440,50ETF沽3月2250,0.0472,0.0046,10.80%,501,233327,10493,2.250,127,65,0.0426,0.0455,0.0480,0.0446
_SO,10001428,50ETF沽3月2500,0.1389,0.0135,10.77%,912,1242674,4184,2.500,127,266,0.1254,0.1317,0.1414,0.1280
_SO,10001429,50ETF沽3月2550,0.1640,0.0159,10.74%,1048,1702304,3292,2.550,127,130,0.1481,0.1549,0.1671,0.1531
_SO,10001431,50ETF沽3月2650,0.2207,0.0206,10.29%,301,654504,1676,2.650,127,78,0.2001,0.2089,0.2268,0.2077
_SO,10001436,50ETF沽3月2350,0.0759,0.0069,10.00%,447,334637,3388,2.350,127,-68,0.0690,0.0734,0.0769,0.0710
_SO,10001330,50ETF沽12月2900,0.3952,0.0352,9.78%,178,677658,2963,2.900,36,62,0.3600,0.3666,0.3971,0.3633
_SO,10001432,50ETF沽3月2700,0.2571,0.0227,9.68%,138,348250,2632,2.700,127,60,0.2344,0.2397,0.2590,0.2390
_SO,10001433,50ETF沽3月2750,0.2922,0.0255,9.56%,99,285221,2277,2.750,127,38,0.2667,0.2727,0.2927,0.2727
_SO,10001442,50ETF沽3月2200,0.0361,0.0031,9.39%,1375,492420,14516,2.200,127,635,0.0330,0.0363,0.0370,0.0337
_SO,10001510,50ETF沽6月2350,0.1097,0.0094,9.37%,294,313217,2525,2.350,218,23,0.1003,0.1072,0.1099,0.1018
_SO,10001430,50ETF沽3月2600,0.1912,0.0162,9.26%,982,1872594,4029,2.600,127,7,0.1750,0.1800,0.1956,0.1797
_SO,10001470,50ETF沽3月2850,0.3679,0.0305,9.04%,345,1228425,2988,2.850,127,100,0.3374,0.3451,0.3706,0.3427
_SO,10001522,50ETF沽6月2250,0.0762,0.0061,8.70%,609,452233,5881,2.250,218,323,0.0701,0.0744,0.0768,0.0707
_SO,10001520,50ETF沽6月2300,0.0916,0.0070,8.27%,159,141957,2375,2.300,218,46,0.0846,0.0900,0.0920,0.0863
_SO,10001434,50ETF沽3月2800,0.3269,0.0249,8.25%,123,394377,3434,2.800,127,-2,0.3020,0.3032,0.3279,0.3032
_SO,10001334,50ETF沽12月2950,0.4430,0.0330,8.05%,550,2398493,8548,2.950,36,119,0.4100,0.4219,0.4493,0.4101
_SO,10001513,50ETF沽6月2500,0.1730,0.0126,7.86%,308,522529,2430,2.500,218,24,0.1604,0.1658,0.1744,0.1631
_SO,10001511,50ETF沽6月2400,0.1288,0.0092,7.69%,2788,3502183,4158,2.400,218,1882,0.1196,0.1265,0.1297,0.1208
_SO,10001512,50ETF沽6月2450,0.1504,0.0104,7.43%,219,324873,3093,2.450,218,-32,0.1400,0.1433,0.1517,0.1417
_SO,10001412,50ETF沽12月2200,0.0059,0.0004,7.27%,7918,466861,59455,2.200,36,1294,0.0055,0.0062,0.0064,0.0054
_SO,10001515,50ETF沽6月2600,0.2258,0.0147,6.96%,214,470001,2338,2.600,218,-13,0.2111,0.2154,0.2269,0.2135
_SO,10001516,50ETF沽6月2650,0.2555,0.0166,6.95%,345,858889,1307,2.650,218,67,0.2389,0.2414,0.2555,0.2413
_SO,10001514,50ETF沽6月2550,0.1980,0.0127,6.85%,362,706215,2044,2.550,218,60,0.1853,0.1898,0.2000,0.1882
_SO,10001517,50ETF沽6月2700,0.2856,0.0178,6.65%,272,760235,572,2.700,218,-72,0.2678,0.2744,0.2857,0.2718
_SO,10001518,50ETF沽6月2750,0.3160,0.0168,5.61%,437,1359666,750,2.750,218,-112,0.2992,0.3009,0.3194,0.3009
_SO,10001524,50ETF沽6月2800,0.3473,0.0158,4.77%,2010,6808414,2208,2.800,218,1803,0.3315,0.3333,0.3495,0.3318
_SO,10001500,50ETF沽11月2200,0.0003,0.0000,0.00%,3375,12582,61745,2.200,8,-902,0.0003,0.0003,0.0006,0.0003
_SO,10001521,50ETF购6月2250,0.3823,-0.0269,-6.57%,200,767557,707,2.250,218,83,0.4092,0.4013,0.4028,0.3785
_SO,10001519,50ETF购6月2300,0.3476,-0.0281,-7.48%,79,274672,2890,2.300,218,-5,0.3757,0.3702,0.3702,0.3424
_SO,10001501,50ETF购6月2350,0.3138,-0.0287,-8.38%,226,736062,1020,2.350,218,-46,0.3425,0.3368,0.3380,0.3138
_SO,10001441,50ETF购3月2200,0.3686,-0.0359,-8.88%,404,1519386,5975,2.200,127,125,0.4045,0.3951,0.3988,0.3628
_SO,10001502,50ETF购6月2400,0.2828,-0.0289,-9.27%,216,632488,1088,2.400,218,-2,0.3117,0.3050,0.3075,0.2828
_SO,10001504,50ETF购6月2500,0.2320,-0.0244,-9.52%,417,992562,2629,2.500,218,205,0.2564,0.2481,0.2537,0.2290
_SO,10001439,50ETF购3月2250,0.3297,-0.0352,-9.65%,131,444445,1251,2.250,127,-2,0.3649,0.3580,0.3594,0.3286
_SO,10001503,50ETF购6月2450,0.2565,-0.0275,-9.68%,413,1081368,2226,2.450,218,100,0.2840,0.2764,0.2790,0.2560
_SO,10001437,50ETF购3月2300,0.2928,-0.0346,-10.57%,1972,6117532,1566,2.300,127,-1211,0.3274,0.3197,0.3223,0.2886
_SO,10001505,50ETF购6月2550,0.2066,-0.0254,-10.95%,362,769153,3504,2.550,218,130,0.2320,0.2252,0.2262,0.2055
_SO,10001499,50ETF购11月2200,0.3017,-0.0383,-11.26%,1389,4420201,3628,2.200,8,32,0.3400,0.3236,0.3343,0.2950
_SO,10001506,50ETF购6月2600,0.1838,-0.0242,-11.63%,267,509644,2991,2.600,218,-51,0.2080,0.2043,0.2048,0.1830
_SO,10001435,50ETF购3月2350,0.2590,-0.0343,-11.69%,446,1186412,691,2.350,127,89,0.2933,0.2838,0.2873,0.2572
_SO,10001411,50ETF购12月2200,0.3132,-0.0418,-11.77%,1527,4918327,4930,2.200,36,113,0.3550,0.3450,0.3478,0.3077
_SO,10001417,50ETF购3月2400,0.2281,-0.0310,-11.96%,373,883310,2107,2.400,127,178,0.2591,0.2512,0.2552,0.2250
_SO,10001507,50ETF购6月2650,0.1650,-0.0225,-12.00%,323,554648,1730,2.650,218,-74,0.1875,0.1826,0.1826,0.1646
_SO,10001493,50ETF购11月2250,0.2533,-0.0367,-12.66%,1775,4693289,3996,2.250,8,-13,0.2900,0.2714,0.2837,0.2448
_SO,10001383,50ETF购12月2250,0.2671,-0.0398,-12.97%,1078,3036408,2318,2.250,36,41,0.3069,0.2937,0.3010,0.2623
_SO,10001508,50ETF购6月2700,0.1460,-0.0218,-12.99%,449,679259,1749,2.700,218,93,0.1678,0.1599,0.1641,0.1453
_SO,10001509,50ETF购6月2750,0.1294,-0.0195,-13.10%,600,804458,4173,2.750,218,26,0.1489,0.1445,0.1466,0.1275
_SO,10001418,50ETF购3月2450,0.1985,-0.0300,-13.13%,597,1227554,3901,2.450,127,158,0.2285,0.2224,0.2245,0.1948
_SO,10001523,50ETF购6月2800,0.1140,-0.0180,-13.64%,698,840121,3254,2.800,218,123,0.1320,0.1280,0.1284,0.1119
_SO,10001419,50ETF购3月2500,0.1730,-0.0277,-13.80%,1320,2370664,6290,2.500,127,285,0.2007,0.1960,0.1967,0.1679
_SO,10001420,50ETF购3月2550,0.1493,-0.0255,-14.59%,1444,2224326,5428,2.550,127,110,0.1748,0.1700,0.1710,0.1449
_SO,10001377,50ETF购12月2300,0.2248,-0.0395,-14.95%,1079,2551190,4720,2.300,36,109,0.2643,0.2530,0.2587,0.2190
_SO,10001494,50ETF购11月2300,0.2031,-0.0373,-15.52%,2636,5679913,4220,2.300,8,111,0.2404,0.2238,0.2351,0.1961
_SO,10001421,50ETF购3月2600,0.1274,-0.0236,-15.63%,725,967671,7268,2.600,127,105,0.1510,0.1471,0.1480,0.1243
_SO,10001369,50ETF购12月2350,0.1853,-0.0382,-17.09%,1915,3715507,4777,2.350,36,92,0.2235,0.2136,0.2176,0.1802
_SO,10001422,50ETF购3月2650,0.1073,-0.0228,-17.52%,344,398589,5131,2.650,127,20,0.1301,0.1299,0.1300,0.1072
_SO,10001424,50ETF购3月2750,0.0775,-0.0176,-18.51%,565,459933,5566,2.750,127,70,0.0951,0.0908,0.0918,0.0752
_SO,10001423,50ETF购3月2700,0.0910,-0.0207,-18.53%,720,705708,6363,2.700,127,-73,0.1117,0.1077,0.1092,0.0898
_SO,10001359,50ETF购12月2400,0.1496,-0.0354,-19.14%,2562,4113010,6415,2.400,36,828,0.1850,0.1767,0.1800,0.1450
_SO,10001489,50ETF购11月2350,0.1555,-0.0382,-19.72%,7174,12134550,9122,2.350,8,367,0.1937,0.1803,0.1868,0.1488
_SO,10001425,50ETF购3月2800,0.0639,-0.0169,-20.92%,1869,1302166,13121,2.800,127,122,0.0808,0.0777,0.0788,0.0629
_SO,10001331,50ETF购12月2450,0.1177,-0.0323,-21.53%,6317,7988264,11810,2.450,36,1641,0.1500,0.1397,0.1461,0.1139
_SO,10001469,50ETF购3月2850,0.0535,-0.0147,-21.55%,2401,1416673,15168,2.850,127,111,0.0682,0.0666,0.0666,0.0520
_SO,10001313,50ETF购12月2500,0.0914,-0.0276,-23.19%,31265,31537430,39167,2.500,36,13629,0.1190,0.1137,0.1163,0.0874
_SO,10001490,50ETF购11月2400,0.1109,-0.0362,-24.61%,16704,20586455,18106,2.400,8,-778,0.1471,0.1352,0.1417,0.1050
_SO,10001478,50ETF购11月2800,0.0006,-0.0002,-25.00%,6551,39803,58649,2.800,8,-3639,0.0008,0.0007,0.0009,0.0004
_SO,10001314,50ETF购12月2550,0.0684,-0.0236,-25.65%,26282,19993836,33831,2.550,36,9398,0.0920,0.0880,0.0898,0.0651
_SO,10001315,50ETF购12月2600,0.0497,-0.0207,-29.40%,27655,15274827,45566,2.600,36,9441,0.0704,0.0664,0.0681,0.0471
_SO,10001471,50ETF购11月2450,0.0741,-0.0324,-30.42%,49464,41188011,44145,2.450,8,9878,0.1065,0.0979,0.1018,0.0686
_SO,10001316,50ETF购12月2650,0.0350,-0.0161,-31.51%,14419,5828332,30995,2.650,36,4700,0.0511,0.0485,0.0503,0.0335
_SO,10001317,50ETF购12月2700,0.0246,-0.0127,-34.05%,14120,4035109,33745,2.700,36,2182,0.0373,0.0344,0.0361,0.0228
_SO,10001472,50ETF购11月2500,0.0447,-0.0266,-37.31%,147491,76805219,105572,2.500,8,17864,0.0713,0.0650,0.0676,0.0401
_SO,10001318,50ETF购12月2750,0.0163,-0.0100,-38.02%,12704,2433706,25566,2.750,36,3573,0.0263,0.0241,0.0254,0.0149
_SO,10001319,50ETF购12月2800,0.0104,-0.0071,-40.57%,12588,1623293,31737,2.800,36,2662,0.0175,0.0165,0.0170,0.0093
_SO,10001333,50ETF购12月2950,0.0026,-0.0018,-40.91%,9207,305820,55397,2.950,36,-1668,0.0044,0.0043,0.0046,0.0024
_SO,10001320,50ETF购12月2850,0.0068,-0.0049,-41.88%,10631,872825,34232,2.850,36,-304,0.0117,0.0106,0.0112,0.0061
_SO,10001477,50ETF购11月2750,0.0012,-0.0009,-42.86%,19086,270756,63703,2.750,8,-8903,0.0021,0.0019,0.0020,0.0011
_SO,10001321,50ETF购12月2900,0.0040,-0.0031,-43.66%,9066,456963,39273,2.900,36,-255,0.0071,0.0068,0.0071,0.0035
_SO,10001473,50ETF购11月2550,0.0245,-0.0197,-44.57%,138763,42374532,150536,2.550,8,11703,0.0442,0.0383,0.0415,0.0211
_SO,10001476,50ETF购11月2700,0.0028,-0.0023,-45.10%,31976,1006079,84009,2.700,8,-6997,0.0051,0.0044,0.0050,0.0022
_SO,10001479,50ETF购11月2850,0.0003,-0.0003,-50.00%,6479,25171,93802,2.850,8,-2855,0.0006,0.0006,0.0006,0.0002
_SO,10001474,50ETF购11月2600,0.0124,-0.0125,-50.20%,93057,14399434,138070,2.600,8,-2986,0.0249,0.0208,0.0230,0.0104
_SO,10001475,50ETF购11月2650,0.0058,-0.0061,-51.26%,42491,3136238,103350,2.650,8,-4217,0.0119,0.0097,0.0112,0.0048