_SO,10001494,50ETF购11月2300,0.1522,0.0027,1.81%,3730,5802885,5369,2.300,2,-702,0.1495,0.1542,0.1717,0.0001
_SO,10001432,50ETF沽3月2700,0.2788,0.0030,1.09%,151,413043,2441,2.700,121,3,0.2758,0.2763,0.2804,0.2643
_SO,10001431,50ETF沽3月2650,0.2429,0.0024,1.00%,210,495114,1267,2.650,121,1,0.2405,0.2350,0.2444,0.2278
_SO,10001429,50ETF沽3月2550,0.1772,0.0009,0.51%,313,546867,3213,2.550,121,-139,0.1763,0.1758,0.1782,0.1668
_SO,10001499,50ETF购11月2200,0.2486,0.0008,0.32%,1239,3145926,2747,2.200,2,-449,0.2478,0.2478,0.2698,0.2390
_SO,10001442,50ETF沽3月2200,0.0346,0.0001,0.29%,2074,689560,19981,2.200,121,419,0.0345,0.0345,0.0350,0.0312
_SO,10001514,50ETF沽6月2550,0.2068,0.0002,0.10%,229,468774,2113,2.550,212,-2,0.2066,0.2067,0.2085,0.1980
_SO,10001411,50ETF购12月2200,0.2652,0.0001,0.04%,5604,15046948,8102,2.200,30,1095,0.2651,0.2700,0.2840,0.2550
_SO,10001430,50ETF沽3月2600,0.2087,-0.0001,-0.05%,460,950367,3714,2.600,121,114,0.2088,0.2072,0.2105,0.1960
_SO,10001426,50ETF沽3月2400,0.0996,-0.0002,-0.20%,476,464628,6170,2.400,121,-8,0.0998,0.0974,0.1009,0.0914
_SO,10001434,50ETF沽3月2800,0.3572,-0.0008,-0.22%,359,1262281,3395,2.800,121,4,0.3580,0.3483,0.3586,0.3400
_SO,10001524,50ETF沽6月2800,0.3691,-0.0014,-0.38%,212,775642,2287,2.800,212,85,0.3705,0.3674,0.3713,0.3580
_SO,10001518,50ETF沽6月2750,0.3342,-0.0013,-0.39%,74,244674,696,2.750,212,-22,0.3355,0.3312,0.3368,0.3250
_SO,10001377,50ETF购12月2300,0.1773,-0.0007,-0.39%,5270,9641347,8625,2.300,30,2388,0.1780,0.1821,0.1960,0.1689
_SO,10001493,50ETF购11月2250,0.1985,-0.0012,-0.60%,1588,3261123,3442,2.250,2,-397,0.1997,0.2091,0.2206,0.1897
_SO,10001325,50ETF沽12月2650,0.2067,-0.0013,-0.63%,4505,9170976,7487,2.650,30,251,0.2080,0.2000,0.2131,0.1910
_SO,10001428,50ETF沽3月2500,0.1480,-0.0011,-0.74%,1240,1799771,4381,2.500,121,-158,0.1491,0.1465,0.1510,0.1380
_SO,10001383,50ETF购12月2250,0.2176,-0.0022,-1.00%,2151,4805005,3191,2.250,30,323,0.2198,0.2243,0.2386,0.2100
_SO,10001384,50ETF沽12月2250,0.0098,-0.0001,-1.01%,25373,2625805,51540,2.250,30,-6423,0.0099,0.0101,0.0112,0.0089
_SO,10001433,50ETF沽3月2750,0.3138,-0.0034,-1.07%,258,799928,2164,2.750,121,9,0.3172,0.3092,0.3186,0.2996
_SO,10001516,50ETF沽6月2650,0.2652,-0.0029,-1.08%,408,1082985,1466,2.650,212,118,0.2681,0.2662,0.2679,0.2566
_SO,10001511,50ETF沽6月2400,0.1305,-0.0015,-1.14%,262,339063,5227,2.400,212,124,0.1320,0.1302,0.1325,0.1265
_SO,10001501,50ETF购6月2350,0.2667,-0.0033,-1.22%,66,180671,1042,2.350,212,12,0.2700,0.2710,0.2806,0.2640
_SO,10001515,50ETF沽6月2600,0.2342,-0.0029,-1.22%,902,2102284,2421,2.600,212,50,0.2371,0.2355,0.2371,0.2275
_SO,10001440,50ETF沽3月2250,0.0464,-0.0006,-1.28%,834,377813,12189,2.250,121,219,0.0470,0.0470,0.0470,0.0425
_SO,10001488,50ETF沽11月2850,0.4025,-0.0055,-1.35%,1353,5365660,3303,2.850,2,-644,0.4080,0.3954,0.4107,0.3796
_SO,10001521,50ETF购6月2250,0.3303,-0.0048,-1.43%,227,758264,732,2.250,212,-47,0.3351,0.3375,0.3450,0.3260
_SO,10001519,50ETF购6月2300,0.2966,-0.0044,-1.46%,113,342109,2880,2.300,212,-17,0.3010,0.3048,0.3109,0.2947
_SO,10001489,50ETF购11月2350,0.1006,-0.0016,-1.57%,23102,24753396,6888,2.350,2,-1760,0.1022,0.1100,0.1226,0.0908
_SO,10001378,50ETF沽12月2300,0.0179,-0.0003,-1.65%,22546,4099129,50373,2.300,30,-1457,0.0182,0.0180,0.0195,0.0161
_SO,10001487,50ETF沽11月2800,0.3520,-0.0060,-1.68%,961,3304731,1358,2.800,2,-287,0.3580,0.3450,0.3604,0.3300
_SO,10001369,50ETF购12月2350,0.1381,-0.0024,-1.71%,9185,13245907,7388,2.350,30,1516,0.1405,0.1460,0.1569,0.1311
_SO,10001436,50ETF沽3月2350,0.0776,-0.0014,-1.77%,951,729533,4352,2.350,121,56,0.0790,0.0771,0.0800,0.0730
_SO,10001438,50ETF沽3月2300,0.0605,-0.0011,-1.79%,627,373294,7094,2.300,121,-41,0.0616,0.0607,0.0622,0.0559
_SO,10001412,50ETF沽12月2200,0.0054,-0.0001,-1.82%,12870,741651,64421,2.200,30,3131,0.0055,0.0061,0.0062,0.0050
_SO,10001517,50ETF沽6月2700,0.2955,-0.0056,-1.86%,51,150445,608,2.700,212,6,0.3011,0.2983,0.3008,0.2897
_SO,10001439,50ETF购3月2250,0.2780,-0.0053,-1.87%,390,1116153,1550,2.250,121,88,0.2833,0.2840,0.2968,0.2749
_SO,10001486,50ETF沽11月2750,0.3021,-0.0059,-1.92%,1182,3481855,2469,2.750,2,-369,0.3080,0.2972,0.3105,0.2789
_SO,10001512,50ETF沽6月2450,0.1529,-0.0031,-1.99%,417,637698,3677,2.450,212,155,0.1560,0.1526,0.1557,0.1468
_SO,10001427,50ETF沽3月2450,0.1219,-0.0027,-2.17%,1612,1936963,4595,2.450,121,-150,0.1246,0.1206,0.1240,0.1137
_SO,10001503,50ETF购6月2450,0.2120,-0.0048,-2.21%,214,463186,2401,2.450,212,58,0.2168,0.2160,0.2243,0.2093
_SO,10001437,50ETF购3月2300,0.2430,-0.0056,-2.25%,210,523785,1463,2.300,121,-38,0.2486,0.2505,0.2601,0.2390
_SO,10001470,50ETF沽3月2850,0.3987,-0.0093,-2.28%,369,1438212,4050,2.850,121,56,0.4080,0.4084,0.4084,0.3813
_SO,10001435,50ETF购3月2350,0.2109,-0.0050,-2.32%,198,431503,737,2.350,121,-9,0.2159,0.2217,0.2265,0.2078
_SO,10001513,50ETF沽6月2500,0.1770,-0.0043,-2.37%,252,445438,2780,2.500,212,-30,0.1813,0.1785,0.1810,0.1722
_SO,10001331,50ETF购12月2450,0.0780,-0.0019,-2.38%,47357,39067738,35225,2.450,30,10057,0.0799,0.0830,0.0923,0.0720
_SO,10001504,50ETF购6月2500,0.1888,-0.0046,-2.38%,341,664812,3175,2.500,212,-24,0.1934,0.1934,0.2001,0.1854
_SO,10001330,50ETF沽12月2900,0.4469,-0.0111,-2.42%,464,2021930,2908,2.900,30,-58,0.4580,0.4383,0.4492,0.4209
_SO,10001419,50ETF购3月2500,0.1330,-0.0035,-2.56%,1216,1665262,7833,2.500,121,141,0.1365,0.1460,0.1460,0.1289
_SO,10001360,50ETF沽12月2400,0.0480,-0.0013,-2.64%,36101,17006724,37742,2.400,30,4533,0.0493,0.0495,0.0501,0.0427
_SO,10001484,50ETF沽11月2650,0.2023,-0.0057,-2.74%,6324,12608905,8598,2.650,2,-3142,0.2080,0.1991,0.2120,0.1801
_SO,10001418,50ETF购3月2450,0.1546,-0.0044,-2.77%,1120,1794670,5089,2.450,121,522,0.1590,0.1681,0.1696,0.1515
_SO,10001329,50ETF沽12月2850,0.3963,-0.0117,-2.87%,1290,4953474,3223,2.850,30,148,0.4080,0.3905,0.4000,0.3721
_SO,10001507,50ETF购6月2650,0.1286,-0.0038,-2.87%,93,123064,1736,2.650,212,9,0.1324,0.1371,0.1388,0.1262
_SO,10001324,50ETF沽12月2600,0.1650,-0.0049,-2.88%,9416,15227230,14903,2.600,30,1863,0.1699,0.1699,0.1718,0.1522
_SO,10001326,50ETF沽12月2700,0.2503,-0.0077,-2.98%,5298,13059144,9106,2.700,30,781,0.2580,0.2469,0.2571,0.2325
_SO,10001485,50ETF沽11月2700,0.2500,-0.0080,-3.10%,3726,9268289,5587,2.700,2,-1574,0.2580,0.2469,0.2620,0.2295
_SO,10001483,50ETF沽11月2600,0.1531,-0.0049,-3.10%,19316,28787433,22342,2.600,2,-10372,0.1580,0.1512,0.1629,0.1315
_SO,10001441,50ETF购3月2200,0.3163,-0.0105,-3.21%,464,1502366,6182,2.200,121,86,0.3268,0.3268,0.3368,0.3116
_SO,10001506,50ETF购6月2600,0.1463,-0.0050,-3.30%,779,1202102,2560,2.600,212,-405,0.1513,0.1526,0.1575,0.1445
_SO,10001359,50ETF购12月2400,0.1052,-0.0036,-3.31%,17195,19162930,11873,2.400,30,2734,0.1088,0.1195,0.1223,0.0991
_SO,10001334,50ETF沽12月2950,0.4906,-0.0174,-3.43%,384,1872661,8682,2.950,30,42,0.5080,0.4862,0.4988,0.4706
_SO,10001502,50ETF购6月2400,0.2347,-0.0088,-3.61%,101,244032,1098,2.400,212,17,0.2435,0.2448,0.2486,0.2347
_SO,10001505,50ETF购6月2550,0.1652,-0.0063,-3.67%,265,450931,3415,2.550,212,17,0.1715,0.1727,0.1773,0.1648
_SO,10001508,50ETF购6月2700,0.1123,-0.0043,-3.69%,618,706340,1929,2.700,212,110,0.1166,0.1183,0.1211,0.1101
_SO,10001328,50ETF沽12月2800,0.3446,-0.0134,-3.74%,1412,4764068,4112,2.800,30,-95,0.3580,0.3478,0.3514,0.3240
_SO,10001520,50ETF沽6月2300,0.0895,-0.0035,-3.76%,335,300390,2509,2.300,212,-113,0.0930,0.0906,0.0919,0.0865
_SO,10001417,50ETF购3月2400,0.1795,-0.0071,-3.80%,492,895973,2688,2.400,121,125,0.1866,0.1909,0.1966,0.1780
_SO,10001327,50ETF沽12月2750,0.2963,-0.0117,-3.80%,1491,4343523,4566,2.750,30,62,0.3080,0.2980,0.3038,0.2776
_SO,10001332,50ETF沽12月2450,0.0693,-0.0029,-4.02%,57037,39178392,44274,2.450,30,14601,0.0722,0.0695,0.0731,0.0627
_SO,10001323,50ETF沽12月2550,0.1274,-0.0058,-4.35%,27490,34727116,25449,2.550,30,1075,0.1332,0.1275,0.1344,0.1173
_SO,10001510,50ETF沽6月2350,0.1069,-0.0049,-4.38%,572,617057,2803,2.350,212,65,0.1118,0.1086,0.1109,0.1044
_SO,10001370,50ETF沽12月2350,0.0297,-0.0014,-4.50%,31223,9321860,56399,2.350,30,9164,0.0311,0.0314,0.0318,0.0268
_SO,10001522,50ETF沽6月2250,0.0722,-0.0037,-4.87%,1091,799504,7052,2.250,212,14,0.0759,0.0766,0.0768,0.0702
_SO,10001509,50ETF购6月2750,0.0971,-0.0050,-4.90%,823,842130,3835,2.750,212,-255,0.1021,0.1030,0.1065,0.0963
_SO,10001523,50ETF购6月2800,0.0848,-0.0044,-4.93%,776,687830,3620,2.800,212,104,0.0892,0.0871,0.0920,0.0837
_SO,10001322,50ETF沽12月2500,0.0951,-0.0051,-5.09%,58729,55860522,44339,2.500,30,4644,0.1002,0.0962,0.1011,0.0873
_SO,10001423,50ETF购3月2700,0.0638,-0.0035,-5.20%,979,651049,6948,2.700,121,34,0.0673,0.0680,0.0722,0.0613
_SO,10001420,50ETF购3月2550,0.1102,-0.0061,-5.25%,824,949721,6013,2.550,121,327,0.1163,0.1177,0.1223,0.1081
_SO,10001422,50ETF购3月2650,0.0767,-0.0047,-5.77%,658,532035,6200,2.650,121,6,0.0814,0.0825,0.0868,0.0745
_SO,10001421,50ETF购3月2600,0.0920,-0.0058,-5.93%,638,626278,7110,2.600,121,113,0.0978,0.0991,0.1040,0.0905
_SO,10001490,50ETF购11月2400,0.0561,-0.0039,-6.50%,68460,42225716,20387,2.400,2,1845,0.0600,0.0660,0.0767,0.0471
_SO,10001482,50ETF沽11月2550,0.1010,-0.0076,-7.00%,47294,46928343,28404,2.550,2,-13002,0.1086,0.1024,0.1137,0.0840
_SO,10001313,50ETF购12月2500,0.0553,-0.0042,-7.06%,78105,46594632,75401,2.500,30,11188,0.0595,0.0612,0.0676,0.0506
_SO,10001424,50ETF购3月2750,0.0515,-0.0045,-8.04%,496,273188,5728,2.750,121,113,0.0560,0.0560,0.0590,0.0502
_SO,10001425,50ETF购3月2800,0.0418,-0.0044,-9.52%,2150,962054,13811,2.800,121,169,0.0462,0.0459,0.0492,0.0405
_SO,10001469,50ETF购3月2850,0.0342,-0.0036,-9.52%,3131,1171631,16395,2.850,121,284,0.0378,0.0378,0.0398,0.0327
_SO,10001314,50ETF购12月2550,0.0381,-0.0044,-10.35%,42848,17683541,59115,2.550,30,6764,0.0425,0.0437,0.0479,0.0341
_SO,10001481,50ETF沽11月2500,0.0569,-0.0089,-13.53%,104438,58435032,38747,2.500,2,-19602,0.0658,0.0565,0.0670,0.0439
_SO,10001315,50ETF购12月2600,0.0250,-0.0040,-13.79%,31989,8715632,57356,2.600,30,4795,0.0290,0.0295,0.0324,0.0219
_SO,10001321,50ETF购12月2900,0.0020,-0.0004,-16.67%,5687,107779,34439,2.900,30,-1025,0.0024,0.0022,0.0024,0.0014
_SO,10001316,50ETF购12月2650,0.0156,-0.0034,-17.89%,19910,3427129,42602,2.650,30,3948,0.0190,0.0186,0.0210,0.0133
_SO,10001471,50ETF购11月2450,0.0243,-0.0059,-19.54%,166028,46394040,59088,2.450,2,2198,0.0302,0.0340,0.0391,0.0171
_SO,10001317,50ETF购12月2700,0.0097,-0.0026,-21.14%,43013,4387217,69426,2.700,30,23471,0.0123,0.0135,0.0135,0.0073
_SO,10001318,50ETF购12月2750,0.0057,-0.0022,-27.85%,15355,996929,32312,2.750,30,623,0.0079,0.0078,0.0083,0.0045
_SO,10001319,50ETF购12月2800,0.0035,-0.0014,-28.57%,9255,361237,31724,2.800,30,-726,0.0049,0.0053,0.0053,0.0026
_SO,10001480,50ETF沽11月2450,0.0235,-0.0096,-29.00%,161686,39690592,67374,2.450,2,-2295,0.0331,0.0275,0.0310,0.0176
_SO,10001478,50ETF购11月2800,0.0002,-0.0001,-33.33%,2466,5476,53209,2.800,2,-968,0.0003,0.0003,0.0003,0.0001
_SO,10001320,50ETF购12月2850,0.0022,-0.0013,-37.14%,7619,186880,33769,2.850,30,-585,0.0035,0.0035,0.0035,0.0017
_SO,10001333,50ETF购12月2950,0.0013,-0.0008,-38.10%,4869,74765,57913,2.950,30,-415,0.0021,0.0016,0.0020,0.0012
_SO,10001472,50ETF购11月2500,0.0070,-0.0061,-46.56%,164369,16685841,121345,2.500,2,-29448,0.0131,0.0137,0.0158,0.0046
_SO,10001479,50ETF购11月2850,0.0001,-0.0001,-50.00%,3511,4492,83800,2.850,2,-1761,0.0002,0.0002,0.0003,0.0001
_SO,10001492,50ETF沽11月2400,0.0068,-0.0072,-51.43%,93939,8558495,80104,2.400,2,875,0.0140,0.0150,0.0150,0.0058
_SO,10001476,50ETF购11月2700,0.0003,-0.0004,-57.14%,8728,36481,59504,2.700,2,-5377,0.0007,0.0006,0.0008,0.0002
_SO,10001477,50ETF购11月2750,0.0002,-0.0003,-60.00%,4515,14207,50151,2.750,2,-2716,0.0005,0.0005,0.0005,0.0002
_SO,10001473,50ETF购11月2550,0.0020,-0.0039,-66.10%,97311,3424604,128188,2.550,2,-22784,0.0059,0.0057,0.0060,0.0012
_SO,10001500,50ETF沽11月2200,0.0001,-0.0002,-66.67%,3248,4543,56315,2.200,2,-1576,0.0003,0.0002,0.0003,0.0001
_SO,10001475,50ETF购11月2650,0.0004,-0.0008,-66.67%,22471,133913,75620,2.650,2,-13224,0.0012,0.0010,0.0012,0.0002
_SO,10001474,50ETF购11月2600,0.0008,-0.0018,-69.23%,51178,744877,109173,2.600,2,-16366,0.0026,0.0021,0.0026,0.0007
_SO,10001491,50ETF沽11月2350,0.0013,-0.0042,-76.36%,40808,1035901,64461,2.350,2,-6197,0.0055,0.0049,0.0049,0.0013
_SO,10001496,50ETF沽11月2300,0.0003,-0.0017,-85.00%,24447,203546,52216,2.300,2,-11474,0.0020,0.0019,0.0019,0.0003
_SO,10001495,50ETF沽11月2250,0.0001,-0.0007,-87.50%,3379,11549,37762,2.250,2,-1573,0.0008,0.0006,0.0007,0.0001