_SO,10001519,50ETF购6月2300,0.3862,0.0203,5.55%,111,435336,1487,2.300,230,37,0.3659,0.4023,0.4023,0.3837
_SO,10001359,50ETF购12月2400,0.2000,0.0083,4.33%,1989,4122385,4098,2.400,48,-213,0.1917,0.2071,0.2175,0.1968
_SO,10001494,50ETF购11月2300,0.2518,0.0098,4.05%,2043,5285162,4233,2.300,20,56,0.2420,0.2558,0.2722,0.2449
_SO,10001523,50ETF购6月2800,0.1492,0.0057,3.97%,980,1459747,1824,2.800,230,713,0.1435,0.1506,0.1547,0.1437
_SO,10001489,50ETF购11月2350,0.2082,0.0078,3.89%,3252,6969724,6636,2.350,20,-104,0.2004,0.2168,0.2281,0.2018
_SO,10001490,50ETF购11月2400,0.1668,0.0060,3.73%,9055,15790707,16470,2.400,20,-396,0.1608,0.1785,0.1869,0.1616
_SO,10001471,50ETF购11月2450,0.1317,0.0047,3.70%,19665,26973132,28795,2.450,20,-1965,0.1270,0.1420,0.1496,0.1268
_SO,10001502,50ETF购6月2400,0.3238,0.0112,3.58%,179,591178,896,2.400,230,83,0.3126,0.3309,0.3399,0.3207
_SO,10001472,50ETF购11月2500,0.0996,0.0031,3.21%,53782,56754153,54680,2.500,20,-417,0.0965,0.1106,0.1158,0.0961
_SO,10001469,50ETF购3月2850,0.0862,0.0026,3.11%,713,624503,10746,2.850,139,208,0.0836,0.0949,0.0949,0.0840
_SO,10001508,50ETF购6月2700,0.1828,0.0052,2.93%,456,828848,1632,2.700,230,254,0.1776,0.1800,0.1887,0.1788
_SO,10001499,50ETF购11月2200,0.3448,0.0098,2.93%,3252,11421041,4082,2.200,20,341,0.3350,0.3547,0.3662,0.3376
_SO,10001507,50ETF购6月2650,0.2006,0.0057,2.92%,648,1305957,1605,2.650,230,186,0.1949,0.2045,0.2092,0.1970
_SO,10001369,50ETF购12月2350,0.2375,0.0065,2.81%,766,1847428,5085,2.350,48,-86,0.2310,0.2431,0.2543,0.2324
_SO,10001501,50ETF购6月2350,0.3529,0.0096,2.80%,110,391666,1154,2.350,230,-2,0.3433,0.3681,0.3681,0.3501
_SO,10001493,50ETF购11月2250,0.2969,0.0079,2.73%,1474,4477476,4137,2.250,20,135,0.2890,0.3070,0.3188,0.2899
_SO,10001521,50ETF购6月2250,0.4201,0.0109,2.66%,147,620910,446,2.250,230,104,0.4092,0.4361,0.4361,0.4158
_SO,10001424,50ETF购3月2750,0.1152,0.0028,2.49%,1036,1217818,5482,2.750,139,139,0.1124,0.1260,0.1270,0.1127
_SO,10001425,50ETF购3月2800,0.1002,0.0024,2.45%,783,791732,11831,2.800,139,-102,0.0978,0.1078,0.1078,0.0977
_SO,10001420,50ETF购3月2550,0.1959,0.0046,2.40%,595,1184788,4784,2.550,139,19,0.1913,0.2150,0.2150,0.1914
_SO,10001421,50ETF购3月2600,0.1721,0.0040,2.38%,853,1485386,6800,2.600,139,162,0.1681,0.1764,0.1806,0.1693
_SO,10001509,50ETF购6月2750,0.1637,0.0038,2.38%,736,1208756,3455,2.750,230,448,0.1599,0.1686,0.1712,0.1602
_SO,10001506,50ETF购6月2600,0.2219,0.0050,2.31%,1104,2467369,2961,2.600,230,394,0.2169,0.2259,0.2300,0.2180
_SO,10001377,50ETF购12月2300,0.2761,0.0061,2.26%,202,568260,3804,2.300,48,-10,0.2700,0.2816,0.2922,0.2706
_SO,10001331,50ETF购12月2450,0.1692,0.0035,2.11%,1608,2785373,7480,2.450,48,243,0.1657,0.1742,0.1827,0.1640
_SO,10001423,50ETF购3月2700,0.1319,0.0027,2.09%,946,1269078,6003,2.700,139,230,0.1292,0.1380,0.1395,0.1294
_SO,10001435,50ETF购3月2350,0.3108,0.0060,1.97%,94,294571,669,2.350,139,16,0.3048,0.3130,0.3222,0.3045
_SO,10001383,50ETF购12月2250,0.3154,0.0060,1.94%,279,901913,1679,2.250,48,-59,0.3094,0.3234,0.3325,0.3116
_SO,10001418,50ETF购3月2450,0.2466,0.0045,1.86%,363,911164,2864,2.450,139,-49,0.2421,0.2531,0.2599,0.2432
_SO,10001504,50ETF购6月2500,0.2687,0.0047,1.78%,594,1619196,2299,2.500,230,263,0.2640,0.2800,0.2811,0.2645
_SO,10001441,50ETF购3月2200,0.4188,0.0073,1.77%,184,782506,5751,2.200,139,12,0.4115,0.4258,0.4368,0.4134
_SO,10001419,50ETF购3月2500,0.2196,0.0038,1.76%,622,1395297,6500,2.500,139,-49,0.2158,0.2250,0.2309,0.2161
_SO,10001411,50ETF购12月2200,0.3595,0.0058,1.64%,582,2140276,3400,2.200,48,-110,0.3537,0.3602,0.3798,0.3550
_SO,10001505,50ETF购6月2550,0.2436,0.0038,1.58%,757,1869745,2740,2.550,230,416,0.2398,0.2472,0.2563,0.2410
_SO,10001422,50ETF购3月2650,0.1502,0.0023,1.56%,674,1034518,4706,2.650,139,111,0.1479,0.1551,0.1590,0.1482
_SO,10001313,50ETF购12月2500,0.1391,0.0020,1.46%,4744,6816010,13630,2.500,48,96,0.1371,0.1449,0.1528,0.1355
_SO,10001314,50ETF购12月2550,0.1139,0.0016,1.42%,6471,7605338,16219,2.550,48,438,0.1123,0.1190,0.1266,0.1107
_SO,10001417,50ETF购3月2400,0.2769,0.0038,1.39%,259,726360,1415,2.400,139,-63,0.2731,0.2813,0.2900,0.2726
_SO,10001503,50ETF购6月2450,0.2951,0.0039,1.34%,411,1226949,1949,2.450,230,227,0.2912,0.3025,0.3060,0.2907
_SO,10001473,50ETF购11月2550,0.0725,0.0008,1.12%,138981,109040174,105486,2.550,20,3208,0.0717,0.0830,0.0858,0.0709
_SO,10001317,50ETF购12月2700,0.0575,0.0006,1.05%,5528,3306156,26891,2.700,48,1465,0.0569,0.0648,0.0651,0.0558
_SO,10001439,50ETF购3月2250,0.3785,0.0033,0.88%,60,231215,1222,2.250,139,14,0.3752,0.3861,0.3910,0.3780
_SO,10001474,50ETF购11月2600,0.0515,0.0004,0.78%,119075,66880270,127495,2.600,20,-365,0.0511,0.0576,0.0620,0.0500
_SO,10001320,50ETF购12月2850,0.0259,0.0002,0.78%,2369,631395,26355,2.850,48,347,0.0257,0.0278,0.0292,0.0246
_SO,10001514,50ETF沽6月2550,0.2014,0.0011,0.55%,693,1368019,1903,2.550,230,182,0.2003,0.1913,0.2026,0.1871
_SO,10001517,50ETF沽6月2700,0.2845,0.0008,0.28%,93,258331,334,2.700,230,18,0.2837,0.2771,0.2866,0.2675
_SO,10001316,50ETF购12月2650,0.0718,0.0001,0.14%,5737,4351080,17589,2.650,48,978,0.0717,0.0767,0.0816,0.0710
_SO,10001513,50ETF沽6月2500,0.1770,0.0001,0.06%,934,1608736,2148,2.500,230,309,0.1769,0.1676,0.1780,0.1635
_SO,10001515,50ETF沽6月2600,0.2277,0.0000,0.00%,1098,2414460,2019,2.600,230,217,0.2277,0.2205,0.2279,0.2115
_SO,10001315,50ETF购12月2600,0.0915,0.0000,0.00%,6359,6040890,19638,2.600,48,861,0.0915,0.0988,0.1092,0.0891
_SO,10001516,50ETF沽6月2650,0.2549,-0.0010,-0.39%,330,821251,1204,2.650,230,167,0.2559,0.2431,0.2566,0.2402
_SO,10001318,50ETF购12月2750,0.0444,-0.0002,-0.45%,4564,2114397,18436,2.750,48,-125,0.0446,0.0474,0.0500,0.0431
_SO,10001512,50ETF沽6月2450,0.1542,-0.0008,-0.52%,515,758777,2725,2.450,230,198,0.1550,0.1487,0.1542,0.1419
_SO,10001437,50ETF购3月2300,0.3433,-0.0018,-0.52%,143,502235,3012,2.300,139,-32,0.3451,0.3503,0.3584,0.3387
_SO,10001319,50ETF购12月2800,0.0340,-0.0002,-0.58%,4024,1430468,19646,2.800,48,1243,0.0342,0.0385,0.0387,0.0329
_SO,10001511,50ETF沽6月2400,0.1336,-0.0008,-0.60%,824,1064897,2415,2.400,230,201,0.1344,0.1246,0.1338,0.1222
_SO,10001522,50ETF沽6月2250,0.0817,-0.0005,-0.61%,1316,1028699,2476,2.250,230,410,0.0822,0.0768,0.0824,0.0740
_SO,10001518,50ETF沽6月2750,0.3154,-0.0020,-0.63%,197,612393,790,2.750,230,-19,0.3174,0.3036,0.3171,0.2990
_SO,10001510,50ETF沽6月2350,0.1131,-0.0014,-1.22%,599,651451,2435,2.350,230,-22,0.1145,0.1061,0.1151,0.1042
_SO,10001434,50ETF沽3月2800,0.3193,-0.0043,-1.33%,73,229607,3366,2.800,139,11,0.3236,0.3101,0.3218,0.3088
_SO,10001333,50ETF购12月2950,0.0134,-0.0002,-1.47%,6426,908970,58431,2.950,48,1149,0.0136,0.0147,0.0160,0.0130
_SO,10001470,50ETF沽3月2850,0.3561,-0.0059,-1.63%,211,729288,2728,2.850,139,12,0.3620,0.3452,0.3580,0.3386
_SO,10001524,50ETF沽6月2800,0.3481,-0.0067,-1.89%,186,630969,327,2.800,230,105,0.3548,0.3358,0.3489,0.3299
_SO,10001432,50ETF沽3月2700,0.2526,-0.0049,-1.90%,208,510968,2442,2.700,139,-13,0.2575,0.2484,0.2526,0.2400
_SO,10001330,50ETF沽12月2900,0.3647,-0.0085,-2.28%,132,476740,3108,2.900,48,-12,0.3732,0.3563,0.3720,0.3516
_SO,10001329,50ETF沽12月2850,0.3245,-0.0076,-2.29%,218,688214,2368,2.850,48,-19,0.3321,0.3171,0.3286,0.3043
_SO,10001520,50ETF沽6月2300,0.0959,-0.0024,-2.44%,640,601428,1887,2.300,230,70,0.0983,0.0899,0.0972,0.0880
_SO,10001327,50ETF沽12月2750,0.2428,-0.0077,-3.07%,812,1926893,3756,2.750,48,169,0.2505,0.2393,0.2470,0.2254
_SO,10001334,50ETF沽12月2950,0.4089,-0.0131,-3.10%,103,417177,8383,2.950,48,-33,0.4220,0.4009,0.4149,0.3969
_SO,10001321,50ETF购12月2900,0.0186,-0.0006,-3.12%,2236,439938,34805,2.900,48,370,0.0192,0.0207,0.0227,0.0182
_SO,10001431,50ETF沽3月2650,0.2202,-0.0072,-3.17%,187,405958,1325,2.650,139,42,0.2274,0.2182,0.2240,0.2091
_SO,10001433,50ETF沽3月2750,0.2849,-0.0096,-3.26%,89,249822,2084,2.750,139,22,0.2945,0.2824,0.2876,0.2716
_SO,10001429,50ETF沽3月2550,0.1657,-0.0056,-3.27%,752,1215982,3052,2.550,139,-258,0.1713,0.1647,0.1688,0.1558
_SO,10001475,50ETF购11月2650,0.0349,-0.0012,-3.32%,50914,19701364,100413,2.650,20,1892,0.0361,0.0406,0.0428,0.0341
_SO,10001430,50ETF沽3月2600,0.1917,-0.0066,-3.33%,760,1431171,4597,2.600,139,-86,0.1983,0.1900,0.1964,0.1825
_SO,10001326,50ETF沽12月2700,0.2054,-0.0077,-3.61%,1611,3221270,5240,2.700,48,235,0.2131,0.2040,0.2102,0.1901
_SO,10001328,50ETF沽12月2800,0.2806,-0.0112,-3.84%,489,1351810,3689,2.800,48,36,0.2918,0.2748,0.2877,0.2644
_SO,10001428,50ETF沽3月2500,0.1421,-0.0057,-3.86%,901,1258347,3685,2.500,139,-51,0.1478,0.1423,0.1448,0.1331
_SO,10001488,50ETF沽11月2850,0.3094,-0.0126,-3.91%,2905,8819903,4044,2.850,20,208,0.3220,0.2961,0.3178,0.2894
_SO,10001427,50ETF沽3月2450,0.1204,-0.0053,-4.22%,561,661596,5068,2.450,139,21,0.1257,0.1182,0.1223,0.1138
_SO,10001436,50ETF沽3月2350,0.0836,-0.0038,-4.35%,444,363396,3628,2.350,139,-39,0.0874,0.0828,0.0853,0.0779
_SO,10001325,50ETF沽12月2650,0.1708,-0.0081,-4.53%,1512,2516914,4065,2.650,48,30,0.1789,0.1708,0.1757,0.1573
_SO,10001486,50ETF沽11月2750,0.2203,-0.0109,-4.71%,3125,6671470,5618,2.750,20,38,0.2312,0.2174,0.2270,0.2014
_SO,10001324,50ETF沽12月2600,0.1391,-0.0070,-4.79%,3395,4614182,6747,2.600,48,318,0.1461,0.1386,0.1444,0.1279
_SO,10001487,50ETF沽11月2800,0.2634,-0.0134,-4.84%,2968,7685816,2728,2.800,20,224,0.2768,0.2571,0.2710,0.2444
_SO,10001426,50ETF沽3月2400,0.1000,-0.0052,-4.94%,537,528718,5482,2.400,139,-48,0.1052,0.1000,0.1010,0.0957
_SO,10001323,50ETF沽12月2550,0.1120,-0.0061,-5.17%,4199,4602914,10348,2.550,48,350,0.1181,0.1117,0.1161,0.1021
_SO,10001438,50ETF沽3月2300,0.0678,-0.0042,-5.83%,442,294397,3923,2.300,139,-86,0.0720,0.0654,0.0700,0.0635
_SO,10001442,50ETF沽3月2200,0.0435,-0.0027,-5.84%,784,332507,12649,2.200,139,332,0.0462,0.0431,0.0450,0.0401
_SO,10001485,50ETF沽11月2700,0.1783,-0.0111,-5.86%,4838,8448814,10809,2.700,20,-187,0.1894,0.1725,0.1859,0.1628
_SO,10001476,50ETF购11月2700,0.0222,-0.0015,-6.33%,36603,9169308,82596,2.700,20,2641,0.0237,0.0270,0.0282,0.0217
_SO,10001484,50ETF沽11月2650,0.1411,-0.0097,-6.43%,12066,16742673,18277,2.650,20,-167,0.1508,0.1372,0.1481,0.1273
_SO,10001322,50ETF沽12月2500,0.0875,-0.0067,-7.11%,7316,6282268,14605,2.500,48,306,0.0942,0.0830,0.0915,0.0792
_SO,10001378,50ETF沽12月2300,0.0256,-0.0020,-7.25%,3436,850896,15335,2.300,48,989,0.0276,0.0253,0.0270,0.0223
_SO,10001412,50ETF沽12月2200,0.0114,-0.0009,-7.32%,5189,568559,42409,2.200,48,936,0.0123,0.0112,0.0120,0.0098
_SO,10001440,50ETF沽3月2250,0.0541,-0.0044,-7.52%,296,159295,8509,2.250,139,59,0.0585,0.0562,0.0569,0.0510
_SO,10001360,50ETF沽12月2400,0.0504,-0.0041,-7.52%,3459,1695248,12747,2.400,48,210,0.0545,0.0471,0.0526,0.0450
_SO,10001370,50ETF沽12月2350,0.0365,-0.0030,-7.59%,4436,1549604,17482,2.350,48,724,0.0395,0.0356,0.0383,0.0321
_SO,10001332,50ETF沽12月2450,0.0666,-0.0060,-8.26%,3829,2516782,12237,2.450,48,1369,0.0726,0.0672,0.0705,0.0607
_SO,10001483,50ETF沽11月2600,0.1084,-0.0106,-8.91%,36900,39115369,47170,2.600,20,-1742,0.1190,0.1034,0.1142,0.0964
_SO,10001384,50ETF沽12月2250,0.0170,-0.0018,-9.57%,2437,399333,19079,2.250,48,940,0.0188,0.0173,0.0183,0.0149
_SO,10001482,50ETF沽11月2550,0.0793,-0.0095,-10.70%,103259,81058908,64853,2.550,20,3243,0.0888,0.0750,0.0849,0.0709
_SO,10001481,50ETF沽11月2500,0.0571,-0.0070,-10.92%,96972,54707721,76460,2.500,20,845,0.0641,0.0548,0.0609,0.0508
_SO,10001480,50ETF沽11月2450,0.0393,-0.0052,-11.69%,60572,23480899,95559,2.450,20,9443,0.0445,0.0360,0.0420,0.0346
_SO,10001477,50ETF购11月2750,0.0124,-0.0018,-12.68%,25898,3816689,66792,2.750,20,968,0.0142,0.0162,0.0175,0.0124
_SO,10001479,50ETF购11月2850,0.0039,-0.0006,-13.33%,19432,880839,131682,2.850,20,-188,0.0045,0.0055,0.0055,0.0038
_SO,10001492,50ETF沽11月2400,0.0255,-0.0040,-13.56%,43096,10806093,74398,2.400,20,2519,0.0295,0.0244,0.0271,0.0224
_SO,10001491,50ETF沽11月2350,0.0152,-0.0025,-14.12%,23723,3526118,73335,2.350,20,2152,0.0177,0.0147,0.0164,0.0132
_SO,10001496,50ETF沽11月2300,0.0086,-0.0015,-14.85%,23896,2030729,92512,2.300,20,1359,0.0101,0.0080,0.0092,0.0072
_SO,10001478,50ETF购11月2800,0.0066,-0.0016,-19.51%,21648,1793850,89406,2.800,20,3425,0.0082,0.0095,0.0105,0.0066
_SO,10001495,50ETF沽11月2250,0.0044,-0.0011,-20.00%,12771,579745,56202,2.250,20,-261,0.0055,0.0045,0.0050,0.0038
_SO,10001500,50ETF沽11月2200,0.0023,-0.0007,-23.33%,8020,204972,60753,2.200,20,11,0.0030,0.0025,0.0029,0.0019