_SO,10001500,50ETF沽11月2200,0.0005,0.0002,66.67%,3798,15282,61669,2.200,7,-76,0.0003,0.0006,0.0007,0.0003
_SO,10001485,50ETF沽11月2700,0.2027,0.0007,0.35%,3988,8177334,8023,2.700,7,-392,0.2020,0.2130,0.2167,0.1962
_SO,10001482,50ETF沽11月2550,0.0738,0.0002,0.27%,52223,38999124,59270,2.550,7,1161,0.0736,0.0846,0.0857,0.0682
_SO,10001483,50ETF沽11月2600,0.1116,0.0003,0.27%,26935,30472241,40503,2.600,7,-685,0.1113,0.1225,0.1260,0.1055
_SO,10001328,50ETF沽12月2800,0.3024,0.0001,0.03%,635,1934817,4113,2.800,35,25,0.3023,0.3160,0.3163,0.2959
_SO,10001479,50ETF购11月2850,0.0003,0.0000,0.00%,4811,11775,90840,2.850,7,-2962,0.0003,0.0003,0.0004,0.0001
_SO,10001484,50ETF沽11月2650,0.1554,-0.0001,-0.06%,6747,10596407,13994,2.650,7,-468,0.1555,0.1680,0.1703,0.1492
_SO,10001325,50ETF沽12月2650,0.1761,-0.0002,-0.11%,1908,3410688,6380,2.650,35,-176,0.1763,0.1859,0.1884,0.1715
_SO,10001487,50ETF沽11月2800,0.3016,-0.0004,-0.13%,729,2219377,1789,2.800,7,-18,0.3020,0.3129,0.3184,0.2957
_SO,10001327,50ETF沽12月2750,0.2574,-0.0007,-0.27%,1601,4130631,4397,2.750,35,257,0.2581,0.2698,0.2698,0.2511
_SO,10001326,50ETF沽12月2700,0.2148,-0.0006,-0.28%,2362,5146604,7269,2.700,35,-133,0.2154,0.2252,0.2277,0.2100
_SO,10001411,50ETF购12月2200,0.3120,-0.0010,-0.32%,1907,5953596,5557,2.200,35,627,0.3130,0.3040,0.3190,0.2988
_SO,10001431,50ETF沽3月2650,0.2199,-0.0008,-0.36%,443,988771,1647,2.650,126,-29,0.2207,0.2358,0.2358,0.2169
_SO,10001488,50ETF沽11月2850,0.3504,-0.0016,-0.45%,531,1868259,4246,2.850,7,-20,0.3520,0.3646,0.3697,0.3442
_SO,10001518,50ETF沽6月2750,0.3145,-0.0015,-0.47%,48,151387,721,2.750,217,-29,0.3160,0.3293,0.3293,0.3113
_SO,10001486,50ETF沽11月2750,0.2507,-0.0013,-0.52%,804,2032916,3592,2.750,7,-150,0.2520,0.2672,0.2672,0.2454
_SO,10001383,50ETF购12月2250,0.2656,-0.0015,-0.56%,626,1657121,2352,2.250,35,34,0.2671,0.2550,0.2735,0.2550
_SO,10001433,50ETF沽3月2750,0.2887,-0.0019,-0.65%,161,468604,2225,2.750,126,-52,0.2906,0.3068,0.3068,0.2851
_SO,10001470,50ETF沽3月2850,0.3637,-0.0024,-0.66%,211,772301,3017,2.850,126,29,0.3661,0.3750,0.3752,0.3592
_SO,10001441,50ETF购3月2200,0.3656,-0.0025,-0.68%,164,599771,5943,2.200,126,-32,0.3681,0.3500,0.3703,0.3500
_SO,10001331,50ETF购12月2450,0.1168,-0.0009,-0.76%,8306,9652607,12257,2.450,35,447,0.1177,0.1104,0.1218,0.1057
_SO,10001323,50ETF沽12月2550,0.1093,-0.0009,-0.82%,16271,18005717,20328,2.550,35,39,0.1102,0.1165,0.1231,0.1059
_SO,10001524,50ETF沽6月2800,0.3457,-0.0030,-0.86%,123,430131,2235,2.800,217,27,0.3487,0.3692,0.3692,0.3426
_SO,10001377,50ETF购12月2300,0.2228,-0.0020,-0.89%,859,1911892,4750,2.300,35,30,0.2248,0.2147,0.2301,0.2124
_SO,10001439,50ETF购3月2250,0.3252,-0.0030,-0.91%,106,341814,1277,2.250,126,26,0.3282,0.3100,0.3324,0.3100
_SO,10001492,50ETF沽11月2400,0.0100,-0.0001,-0.99%,46449,4970701,86060,2.400,7,-443,0.0101,0.0136,0.0145,0.0089
_SO,10001517,50ETF沽6月2700,0.2813,-0.0029,-1.02%,23,65007,567,2.700,217,-5,0.2842,0.2938,0.2938,0.2789
_SO,10001489,50ETF购11月2350,0.1539,-0.0016,-1.03%,10474,15904445,8497,2.350,7,-625,0.1555,0.1435,0.1601,0.1377
_SO,10001505,50ETF购6月2550,0.2044,-0.0022,-1.06%,599,1220483,3341,2.550,217,-163,0.2066,0.2000,0.2076,0.2000
_SO,10001494,50ETF购11月2300,0.2009,-0.0022,-1.08%,2086,4156776,4376,2.300,7,156,0.2031,0.1900,0.2078,0.1866
_SO,10001434,50ETF沽3月2800,0.3233,-0.0036,-1.10%,358,1172036,3368,2.800,126,-66,0.3269,0.3438,0.3438,0.3222
_SO,10001329,50ETF沽12月2850,0.3481,-0.0039,-1.11%,248,873412,2720,2.850,35,-59,0.3520,0.3649,0.3649,0.3421
_SO,10001499,50ETF购11月2200,0.2983,-0.0034,-1.13%,926,2756511,3495,2.200,7,-133,0.3017,0.2881,0.3060,0.2811
_SO,10001437,50ETF购3月2300,0.2895,-0.0033,-1.13%,430,1243717,1470,2.300,126,-96,0.2928,0.2755,0.2960,0.2755
_SO,10001324,50ETF沽12月2600,0.1400,-0.0016,-1.13%,7546,10772840,10514,2.600,35,-1976,0.1416,0.1511,0.1544,0.1360
_SO,10001514,50ETF沽6月2550,0.1957,-0.0023,-1.16%,538,1051106,2091,2.550,217,47,0.1980,0.2088,0.2088,0.1921
_SO,10001515,50ETF沽6月2600,0.2230,-0.0028,-1.24%,274,610186,2328,2.600,217,-10,0.2258,0.2369,0.2369,0.2204
_SO,10001490,50ETF购11月2400,0.1095,-0.0014,-1.26%,18469,20058514,17894,2.400,7,-212,0.1109,0.0986,0.1156,0.0943
_SO,10001369,50ETF购12月2350,0.1829,-0.0024,-1.30%,1135,2068910,4857,2.350,35,80,0.1853,0.1769,0.1903,0.1737
_SO,10001516,50ETF沽6月2650,0.2508,-0.0034,-1.34%,62,155721,1315,2.650,217,8,0.2542,0.2650,0.2650,0.2490
_SO,10001509,50ETF购6月2750,0.1276,-0.0018,-1.39%,504,646471,4244,2.750,217,71,0.1294,0.1223,0.1306,0.1223
_SO,10001523,50ETF购6月2800,0.1124,-0.0016,-1.40%,462,519980,3423,2.800,217,169,0.1140,0.1076,0.1147,0.1076
_SO,10001322,50ETF沽12月2500,0.0820,-0.0012,-1.44%,25108,21051325,33042,2.500,35,2270,0.0832,0.0903,0.0919,0.0795
_SO,10001506,50ETF购6月2600,0.1831,-0.0027,-1.45%,318,580276,2902,2.600,217,-89,0.1858,0.1800,0.1844,0.1800
_SO,10001370,50ETF沽12月2350,0.0267,-0.0004,-1.48%,11494,3180472,38467,2.350,35,2386,0.0271,0.0291,0.0308,0.0258
_SO,10001501,50ETF购6月2350,0.3091,-0.0047,-1.50%,59,182715,1014,2.350,217,-6,0.3138,0.3006,0.3161,0.3006
_SO,10001330,50ETF沽12月2900,0.3957,-0.0063,-1.57%,224,893616,2914,2.900,35,-49,0.4020,0.4131,0.4131,0.3897
_SO,10001430,50ETF沽3月2600,0.1882,-0.0030,-1.57%,842,1602136,4084,2.600,126,55,0.1912,0.2037,0.2083,0.1866
_SO,10001359,50ETF购12月2400,0.1472,-0.0024,-1.60%,4050,5957179,6749,2.400,35,334,0.1496,0.1377,0.1541,0.1377
_SO,10001334,50ETF沽12月2950,0.4447,-0.0073,-1.62%,369,1648294,8532,2.950,35,-16,0.4520,0.4519,0.4587,0.4376
_SO,10001493,50ETF购11月2250,0.2492,-0.0041,-1.62%,1317,3268229,3942,2.250,7,-54,0.2533,0.2388,0.2569,0.2351
_SO,10001521,50ETF购6月2250,0.3757,-0.0066,-1.73%,128,481702,656,2.250,217,-51,0.3823,0.3651,0.3811,0.3651
_SO,10001435,50ETF购3月2350,0.2545,-0.0045,-1.74%,137,350164,735,2.350,126,44,0.2590,0.2433,0.2612,0.2433
_SO,10001432,50ETF沽3月2700,0.2512,-0.0045,-1.76%,216,552548,2569,2.700,126,-63,0.2557,0.2703,0.2703,0.2498
_SO,10001513,50ETF沽6月2500,0.1698,-0.0032,-1.85%,528,901691,2739,2.500,217,309,0.1730,0.1831,0.1831,0.1683
_SO,10001429,50ETF沽3月2550,0.1609,-0.0031,-1.89%,623,1014250,3375,2.550,126,83,0.1640,0.1738,0.1740,0.1586
_SO,10001519,50ETF购6月2300,0.3410,-0.0066,-1.90%,78,267472,2868,2.300,217,-22,0.3476,0.3314,0.3480,0.3314
_SO,10001502,50ETF购6月2400,0.2798,-0.0055,-1.93%,100,281388,1042,2.400,217,-46,0.2853,0.2800,0.2860,0.2768
_SO,10001507,50ETF购6月2650,0.1617,-0.0033,-2.00%,118,190527,1741,2.650,217,11,0.1650,0.1594,0.1645,0.1594
_SO,10001417,50ETF购3月2400,0.2233,-0.0047,-2.06%,1035,2320667,2372,2.400,126,265,0.2280,0.2136,0.2297,0.2136
_SO,10001419,50ETF购3月2500,0.1691,-0.0039,-2.25%,692,1177384,6470,2.500,126,180,0.1730,0.1660,0.1738,0.1650
_SO,10001418,50ETF购3月2450,0.1940,-0.0045,-2.27%,268,523623,3883,2.450,126,-18,0.1985,0.1900,0.2002,0.1900
_SO,10001422,50ETF购3月2650,0.1052,-0.0025,-2.32%,729,771243,5255,2.650,126,124,0.1077,0.1014,0.1087,0.1014
_SO,10001314,50ETF购12月2550,0.0668,-0.0016,-2.34%,16062,10751800,36512,2.550,35,2681,0.0684,0.0631,0.0711,0.0611
_SO,10001503,50ETF购6月2450,0.2513,-0.0061,-2.37%,34,85898,2222,2.450,217,-4,0.2574,0.2424,0.2546,0.2424
_SO,10001313,50ETF购12月2500,0.0892,-0.0022,-2.41%,28821,25795946,42390,2.500,35,3223,0.0914,0.0848,0.0945,0.0811
_SO,10001481,50ETF沽11月2500,0.0428,-0.0011,-2.51%,123694,55186380,82235,2.500,7,7040,0.0439,0.0521,0.0569,0.0401
_SO,10001504,50ETF购6月2500,0.2261,-0.0059,-2.54%,289,660830,2684,2.500,217,55,0.2320,0.2234,0.2331,0.2230
_SO,10001508,50ETF购6月2700,0.1422,-0.0038,-2.60%,406,587457,1850,2.700,217,101,0.1460,0.1380,0.1473,0.1380
_SO,10001512,50ETF沽6月2450,0.1463,-0.0041,-2.73%,198,291864,3032,2.450,217,-61,0.1504,0.1580,0.1580,0.1442
_SO,10001420,50ETF购3月2550,0.1452,-0.0041,-2.75%,472,689885,5353,2.550,126,-75,0.1493,0.1401,0.1494,0.1401
_SO,10001421,50ETF购3月2600,0.1239,-0.0035,-2.75%,735,916435,7152,2.600,126,-116,0.1274,0.1200,0.1280,0.1200
_SO,10001315,50ETF购12月2600,0.0483,-0.0014,-2.82%,17877,8671238,45667,2.600,35,101,0.0497,0.0451,0.0518,0.0441
_SO,10001438,50ETF沽3月2300,0.0583,-0.0017,-2.83%,2249,1369885,6454,2.300,126,1022,0.0600,0.0645,0.0645,0.0570
_SO,10001316,50ETF购12月2650,0.0340,-0.0010,-2.86%,13847,4687918,32618,2.650,35,1623,0.0350,0.0315,0.0363,0.0290
_SO,10001360,50ETF沽12月2400,0.0405,-0.0012,-2.88%,12659,5351995,28696,2.400,35,503,0.0417,0.0461,0.0476,0.0396
_SO,10001471,50ETF购11月2450,0.0719,-0.0022,-2.97%,62911,45017712,46647,2.450,7,2502,0.0741,0.0638,0.0775,0.0632
_SO,10001428,50ETF沽3月2500,0.1347,-0.0042,-3.02%,958,1311275,4090,2.500,126,-94,0.1389,0.1467,0.1467,0.1330
_SO,10001436,50ETF沽3月2350,0.0736,-0.0023,-3.03%,796,591349,3746,2.350,126,358,0.0759,0.0800,0.0800,0.0722
_SO,10001427,50ETF沽3月2450,0.1115,-0.0035,-3.04%,366,416221,4930,2.450,126,91,0.1150,0.1222,0.1231,0.1103
_SO,10001520,50ETF沽6月2300,0.0888,-0.0028,-3.06%,286,257449,2441,2.300,217,66,0.0916,0.0973,0.0973,0.0863
_SO,10001426,50ETF沽3月2400,0.0916,-0.0030,-3.17%,1426,1356962,5714,2.400,126,475,0.0946,0.1003,0.1003,0.0900
_SO,10001511,50ETF沽6月2400,0.1247,-0.0041,-3.18%,621,784400,4550,2.400,217,392,0.1288,0.1363,0.1363,0.1241
_SO,10001423,50ETF购3月2700,0.0886,-0.0030,-3.28%,886,789367,6652,2.700,126,289,0.0916,0.0837,0.0926,0.0837
_SO,10001412,50ETF沽12月2200,0.0057,-0.0002,-3.39%,11694,695541,58725,2.200,35,-730,0.0059,0.0064,0.0070,0.0053
_SO,10001480,50ETF沽11月2450,0.0222,-0.0008,-3.48%,81426,19399449,91346,2.450,7,2002,0.0230,0.0291,0.0300,0.0208
_SO,10001510,50ETF沽6月2350,0.1054,-0.0043,-3.92%,130,138809,2533,2.350,217,8,0.1097,0.1156,0.1156,0.1040
_SO,10001424,50ETF购3月2750,0.0742,-0.0033,-4.26%,588,443144,5542,2.750,126,-24,0.0775,0.0719,0.0772,0.0719
_SO,10001440,50ETF沽3月2250,0.0450,-0.0021,-4.46%,339,159160,10463,2.250,126,-30,0.0471,0.0499,0.0500,0.0442
_SO,10001317,50ETF购12月2700,0.0235,-0.0011,-4.47%,15431,3589438,36084,2.700,35,2339,0.0246,0.0220,0.0250,0.0209
_SO,10001425,50ETF购3月2800,0.0618,-0.0030,-4.63%,1469,918000,13332,2.800,126,211,0.0648,0.0620,0.0644,0.0605
_SO,10001332,50ETF沽12月2450,0.0585,-0.0030,-4.88%,18681,11417363,25423,2.450,35,2160,0.0615,0.0660,0.0669,0.0532
_SO,10001491,50ETF沽11月2350,0.0039,-0.0002,-4.88%,25152,1044807,77631,2.350,7,-706,0.0041,0.0057,0.0063,0.0033
_SO,10001469,50ETF购3月2850,0.0507,-0.0028,-5.23%,1941,1004826,14791,2.850,126,-377,0.0535,0.0515,0.0533,0.0500
_SO,10001472,50ETF购11月2500,0.0423,-0.0024,-5.37%,148673,62898605,117164,2.500,7,11592,0.0447,0.0380,0.0469,0.0370
_SO,10001442,50ETF沽3月2200,0.0341,-0.0020,-5.54%,1195,422940,14812,2.200,126,296,0.0361,0.0377,0.0383,0.0336
_SO,10001496,50ETF沽11月2300,0.0017,-0.0001,-5.56%,18433,321827,74809,2.300,7,-7412,0.0018,0.0021,0.0030,0.0014
_SO,10001320,50ETF购12月2850,0.0064,-0.0004,-5.88%,13293,881327,30992,2.850,35,-3240,0.0068,0.0061,0.0070,0.0056
_SO,10001319,50ETF购12月2800,0.0097,-0.0007,-6.73%,7331,725398,33902,2.800,35,2165,0.0104,0.0100,0.0106,0.0089
_SO,10001318,50ETF购12月2750,0.0152,-0.0011,-6.75%,9684,1483814,28414,2.750,35,2848,0.0163,0.0139,0.0165,0.0136
_SO,10001522,50ETF沽6月2250,0.0710,-0.0052,-6.82%,597,437146,6184,2.250,217,303,0.0762,0.0800,0.0800,0.0710
_SO,10001321,50ETF购12月2900,0.0037,-0.0003,-7.50%,5417,209031,39108,2.900,35,-165,0.0040,0.0038,0.0042,0.0033
_SO,10001333,50ETF购12月2950,0.0024,-0.0002,-7.69%,5662,141080,55633,2.950,35,236,0.0026,0.0024,0.0027,0.0022
_SO,10001473,50ETF购11月2550,0.0226,-0.0019,-7.76%,77919,17513479,150982,2.550,7,446,0.0245,0.0198,0.0255,0.0191
_SO,10001384,50ETF沽12月2250,0.0094,-0.0008,-7.84%,13964,1377615,47567,2.250,35,7280,0.0102,0.0107,0.0123,0.0090
_SO,10001378,50ETF沽12月2300,0.0161,-0.0018,-10.06%,14625,2485363,42755,2.300,35,8148,0.0179,0.0193,0.0204,0.0157
_SO,10001474,50ETF购11月2600,0.0104,-0.0020,-16.13%,61405,6622498,139380,2.600,7,1310,0.0124,0.0095,0.0128,0.0090
_SO,10001475,50ETF购11月2650,0.0044,-0.0014,-24.14%,29395,1391872,101361,2.650,7,-1989,0.0058,0.0047,0.0058,0.0037
_SO,10001477,50ETF购11月2750,0.0009,-0.0003,-25.00%,8175,85119,61074,2.750,7,-2629,0.0012,0.0009,0.0012,0.0008
_SO,10001476,50ETF购11月2700,0.0020,-0.0008,-28.57%,16700,378844,81966,2.700,7,-2043,0.0028,0.0023,0.0027,0.0019
_SO,10001495,50ETF沽11月2250,0.0005,-0.0002,-28.57%,6642,45638,44321,2.250,7,-2853,0.0007,0.0008,0.0011,0.0005
_SO,10001478,50ETF购11月2800,0.0004,-0.0002,-33.33%,3096,16242,57853,2.800,7,-796,0.0006,0.0005,0.0007,0.0004