_SO,10001333,50ETF购12月2950,0.0015,0.0002,15.38%,4361,69178,60023,2.950,29,2110,0.0013,0.0012,0.0017,0.0012
_SO,10001481,50ETF沽11月2500,0.0635,0.0066,11.60%,86274,48269210,21255,2.500,1,-17492,0.0569,0.0523,0.0701,0.0435
_SO,10001482,50ETF沽11月2550,0.1126,0.0116,11.49%,25642,26482384,16761,2.550,1,-11643,0.1010,0.0967,0.1187,0.0888
_SO,10001483,50ETF沽11月2600,0.1620,0.0089,5.81%,14364,21981903,13931,2.600,1,-8411,0.1531,0.1497,0.1688,0.1381
_SO,10001484,50ETF沽11月2650,0.2124,0.0101,4.99%,6003,12250667,5514,2.650,1,-3084,0.2023,0.1969,0.2186,0.1872
_SO,10001485,50ETF沽11月2700,0.2613,0.0113,4.52%,5055,12593946,3089,2.700,1,-2498,0.2500,0.2472,0.2680,0.2368
_SO,10001486,50ETF沽11月2750,0.3122,0.0109,3.62%,1603,4876685,1838,2.750,1,-631,0.3013,0.2943,0.3182,0.2867
_SO,10001487,50ETF沽11月2800,0.3632,0.0118,3.36%,519,1823423,1192,2.800,1,-166,0.3514,0.3490,0.3678,0.3370
_SO,10001322,50ETF沽12月2500,0.0982,0.0031,3.26%,55196,52145496,48882,2.500,29,4543,0.0951,0.0904,0.1022,0.0862
_SO,10001326,50ETF沽12月2700,0.2583,0.0080,3.20%,5492,13636172,10836,2.700,29,1730,0.2503,0.2460,0.2625,0.2371
_SO,10001323,50ETF沽12月2550,0.1314,0.0040,3.14%,27860,35377968,32424,2.550,29,6975,0.1274,0.1261,0.1367,0.1178
_SO,10001324,50ETF沽12月2600,0.1699,0.0049,2.97%,14439,23853025,19307,2.600,29,4404,0.1650,0.1633,0.1754,0.1537
_SO,10001433,50ETF沽3月2750,0.3231,0.0093,2.96%,136,424987,2161,2.750,120,-3,0.3138,0.3125,0.3231,0.3045
_SO,10001488,50ETF沽11月2850,0.4120,0.0110,2.74%,579,2327430,3094,2.850,1,-209,0.4010,0.3940,0.4187,0.3868
_SO,10001517,50ETF沽6月2700,0.3031,0.0076,2.57%,27,80222,615,2.700,211,7,0.2955,0.2952,0.3041,0.2909
_SO,10001325,50ETF沽12月2650,0.2120,0.0053,2.56%,4022,8214157,8290,2.650,29,803,0.2067,0.2031,0.2172,0.1932
_SO,10001516,50ETF沽6月2650,0.2700,0.0066,2.51%,137,357463,1456,2.650,211,-10,0.2634,0.2600,0.2700,0.2550
_SO,10001442,50ETF沽3月2200,0.0354,0.0008,2.31%,4834,1597021,21613,2.200,120,1632,0.0346,0.0328,0.0360,0.0306
_SO,10001514,50ETF沽6月2550,0.2076,0.0041,2.01%,213,429864,2116,2.550,211,3,0.2035,0.2026,0.2080,0.1965
_SO,10001515,50ETF沽6月2600,0.2368,0.0042,1.81%,326,747063,2378,2.600,211,-43,0.2326,0.2297,0.2383,0.2168
_SO,10001518,50ETF沽6月2750,0.3370,0.0060,1.81%,29,95361,699,2.750,211,3,0.3310,0.3256,0.3372,0.3218
_SO,10001511,50ETF沽6月2400,0.1307,0.0023,1.79%,95,121994,5259,2.400,211,32,0.1284,0.1280,0.1320,0.1233
_SO,10001431,50ETF沽3月2650,0.2439,0.0038,1.58%,669,1609090,1612,2.650,120,345,0.2401,0.2388,0.2475,0.2309
_SO,10001436,50ETF沽3月2350,0.0786,0.0010,1.29%,570,435549,4509,2.350,120,157,0.0776,0.0766,0.0800,0.0725
_SO,10001432,50ETF沽3月2700,0.2803,0.0032,1.15%,156,426912,2453,2.700,120,12,0.2771,0.2747,0.2858,0.2672
_SO,10001327,50ETF沽12月2750,0.3045,0.0032,1.06%,1180,3486441,4826,2.750,29,260,0.3013,0.2907,0.3103,0.2821
_SO,10001434,50ETF沽3月2800,0.3585,0.0036,1.01%,2573,9081820,5078,2.800,120,1683,0.3549,0.3521,0.3616,0.3427
_SO,10001332,50ETF沽12月2450,0.0699,0.0006,0.87%,69389,46857637,52771,2.450,29,8497,0.0693,0.0676,0.0730,0.0601
_SO,10001513,50ETF沽6月2500,0.1783,0.0013,0.73%,191,335451,2774,2.500,211,-6,0.1770,0.1726,0.1807,0.1680
_SO,10001524,50ETF沽6月2800,0.3706,0.0027,0.73%,60,220274,2291,2.800,211,4,0.3679,0.3650,0.3750,0.3578
_SO,10001470,50ETF沽3月2850,0.4038,0.0028,0.70%,587,2296111,4471,2.850,120,421,0.4010,0.3900,0.4074,0.3850
_SO,10001430,50ETF沽3月2600,0.2089,0.0014,0.67%,1421,2915372,4008,2.600,120,294,0.2075,0.2052,0.2133,0.1974
_SO,10001512,50ETF沽6月2450,0.1530,0.0010,0.66%,201,302195,3705,2.450,211,28,0.1520,0.1500,0.1554,0.1450
_SO,10001330,50ETF沽12月2900,0.4525,0.0025,0.56%,225,991211,2923,2.900,29,15,0.4500,0.4337,0.4567,0.4279
_SO,10001510,50ETF沽6月2350,0.1075,0.0006,0.56%,365,384483,2934,2.350,211,131,0.1069,0.1046,0.1103,0.1022
_SO,10001328,50ETF沽12月2800,0.3533,0.0019,0.54%,4094,13971202,3742,2.800,29,-370,0.3514,0.3380,0.3577,0.3300
_SO,10001329,50ETF沽12月2850,0.4030,0.0020,0.50%,989,3819871,2971,2.850,29,-252,0.4010,0.3746,0.4066,0.3745
_SO,10001429,50ETF沽3月2550,0.1767,0.0008,0.45%,513,888805,3115,2.550,120,-98,0.1759,0.1715,0.1808,0.1602
_SO,10001334,50ETF沽12月2950,0.5016,0.0016,0.32%,346,1707345,8804,2.950,29,122,0.5000,0.4830,0.5060,0.4795
_SO,10001500,50ETF沽11月2200,0.0001,0.0000,0.00%,2860,3052,54679,2.200,1,-1636,0.0001,0.0001,0.0002,0.0001
_SO,10001479,50ETF购11月2850,0.0001,0.0000,0.00%,2013,2875,83189,2.850,1,-611,0.0001,0.0001,0.0002,0.0001
_SO,10001495,50ETF沽11月2250,0.0001,0.0000,0.00%,669,707,37278,2.250,1,-484,0.0001,0.0001,0.0002,0.0001
_SO,10001426,50ETF沽3月2400,0.0980,-0.0003,-0.31%,576,557629,6238,2.400,120,68,0.0983,0.0972,0.1004,0.0922
_SO,10001428,50ETF沽3月2500,0.1464,-0.0007,-0.48%,1765,2583330,4636,2.500,120,255,0.1471,0.1450,0.1518,0.1388
_SO,10001427,50ETF沽3月2450,0.1213,-0.0006,-0.49%,1493,1798686,4900,2.450,120,305,0.1219,0.1177,0.1252,0.1146
_SO,10001522,50ETF沽6月2250,0.0718,-0.0004,-0.55%,702,500693,7224,2.250,211,172,0.0722,0.0711,0.0738,0.0687
_SO,10001520,50ETF沽6月2300,0.0884,-0.0008,-0.90%,545,483124,2709,2.300,211,200,0.0892,0.0865,0.0916,0.0848
_SO,10001440,50ETF沽3月2250,0.0451,-0.0007,-1.53%,1936,861808,13293,2.250,120,1104,0.0458,0.0450,0.0474,0.0422
_SO,10001360,50ETF沽12月2400,0.0472,-0.0008,-1.67%,34363,15668474,41315,2.400,29,3573,0.0480,0.0462,0.0494,0.0412
_SO,10001438,50ETF沽3月2300,0.0593,-0.0011,-1.82%,749,446006,7195,2.300,120,101,0.0604,0.0582,0.0625,0.0560
_SO,10001370,50ETF沽12月2350,0.0291,-0.0006,-2.02%,28924,8268380,60571,2.350,29,4172,0.0297,0.0290,0.0312,0.0257
_SO,10001507,50ETF购6月2650,0.1250,-0.0036,-2.80%,20,26011,1742,2.650,211,6,0.1286,0.1296,0.1307,0.1250
_SO,10001384,50ETF沽12月2250,0.0095,-0.0003,-3.06%,11309,1058109,53849,2.250,29,2309,0.0098,0.0084,0.0102,0.0082
_SO,10001521,50ETF购6月2250,0.3201,-0.0102,-3.09%,335,1110809,839,2.250,211,107,0.3303,0.3333,0.3366,0.3180
_SO,10001441,50ETF购3月2200,0.3060,-0.0103,-3.26%,478,1499812,6395,2.200,120,213,0.3163,0.3243,0.3250,0.3021
_SO,10001502,50ETF购6月2400,0.2303,-0.0084,-3.52%,12,28564,1095,2.400,211,-3,0.2387,0.2369,0.2408,0.2303
_SO,10001501,50ETF购6月2350,0.2573,-0.0095,-3.56%,32,85400,1063,2.350,211,21,0.2668,0.2716,0.2716,0.2571
_SO,10001439,50ETF购3月2250,0.2683,-0.0099,-3.56%,110,304303,1560,2.250,120,10,0.2782,0.2830,0.2855,0.2664
_SO,10001519,50ETF购6月2300,0.2877,-0.0109,-3.65%,63,186986,2909,2.300,211,29,0.2986,0.2996,0.3025,0.2877
_SO,10001412,50ETF沽12月2200,0.0052,-0.0002,-3.70%,13001,645072,64705,2.200,29,284,0.0054,0.0052,0.0055,0.0043
_SO,10001437,50ETF购3月2300,0.2325,-0.0105,-4.32%,126,303087,1479,2.300,120,16,0.2430,0.2482,0.2500,0.2305
_SO,10001411,50ETF购12月2200,0.2536,-0.0116,-4.37%,3893,10295983,9525,2.200,29,1423,0.2652,0.2677,0.2767,0.2490
_SO,10001505,50ETF购6月2550,0.1591,-0.0073,-4.39%,217,355036,3432,2.550,211,17,0.1664,0.1681,0.1713,0.1580
_SO,10001378,50ETF沽12月2300,0.0171,-0.0008,-4.47%,20794,3531977,54503,2.300,29,4130,0.0179,0.0165,0.0186,0.0151
_SO,10001503,50ETF购6月2450,0.2027,-0.0095,-4.48%,78,162890,2450,2.450,211,49,0.2122,0.2120,0.2156,0.2025
_SO,10001504,50ETF购6月2500,0.1803,-0.0085,-4.50%,420,779909,3202,2.500,211,27,0.1888,0.1919,0.1939,0.1784
_SO,10001499,50ETF购11月2200,0.2380,-0.0120,-4.80%,1648,4063397,1878,2.200,1,-869,0.2500,0.2519,0.2639,0.2307
_SO,10001383,50ETF购12月2250,0.2075,-0.0105,-4.82%,2491,5444716,3431,2.250,29,240,0.2180,0.2216,0.2308,0.2038
_SO,10001417,50ETF购3月2400,0.1720,-0.0095,-5.23%,660,1179461,2851,2.400,120,163,0.1815,0.1858,0.1879,0.1700
_SO,10001435,50ETF购3月2350,0.2008,-0.0113,-5.33%,54,113920,750,2.350,120,13,0.2121,0.2155,0.2162,0.2001
_SO,10001506,50ETF购6月2600,0.1383,-0.0083,-5.66%,288,427934,2422,2.600,211,-138,0.1466,0.1479,0.1510,0.1383
_SO,10001509,50ETF购6月2750,0.0914,-0.0057,-5.87%,386,372766,3913,2.750,211,78,0.0971,0.0993,0.0999,0.0912
_SO,10001377,50ETF购12月2300,0.1664,-0.0107,-6.04%,7416,12829709,12943,2.300,29,4318,0.1771,0.1804,0.1890,0.1624
_SO,10001508,50ETF购6月2700,0.1055,-0.0068,-6.06%,172,193442,1956,2.700,211,27,0.1123,0.1143,0.1148,0.1054
_SO,10001418,50ETF购3月2450,0.1451,-0.0099,-6.39%,1013,1540764,5228,2.450,120,139,0.1550,0.1584,0.1613,0.1442
_SO,10001493,50ETF购11月2250,0.1873,-0.0131,-6.54%,1651,3265325,2576,2.250,1,-866,0.2004,0.2032,0.2129,0.1810
_SO,10001480,50ETF沽11月2450,0.0219,-0.0016,-6.81%,125182,24806461,54723,2.450,1,-12651,0.0235,0.0185,0.0275,0.0124
_SO,10001523,50ETF购6月2800,0.0788,-0.0060,-7.08%,589,485349,3812,2.800,211,192,0.0848,0.0871,0.0871,0.0786
_SO,10001419,50ETF购3月2500,0.1233,-0.0097,-7.29%,1801,2300107,8369,2.500,120,536,0.1330,0.1336,0.1367,0.1209
_SO,10001420,50ETF购3月2550,0.1015,-0.0089,-8.06%,872,945869,6168,2.550,120,155,0.1104,0.1125,0.1152,0.1015
_SO,10001369,50ETF购12月2350,0.1267,-0.0114,-8.25%,15273,21104911,11259,2.350,29,3871,0.1381,0.1418,0.1576,0.1243
_SO,10001421,50ETF购3月2600,0.0847,-0.0077,-8.33%,845,769911,7243,2.600,120,133,0.0924,0.0944,0.0967,0.0846
_SO,10001494,50ETF购11月2300,0.1386,-0.0136,-8.94%,3615,5389439,3817,2.300,1,-1552,0.1522,0.1549,0.1642,0.1319
_SO,10001359,50ETF购12月2400,0.0954,-0.0098,-9.32%,29346,30642406,18440,2.400,29,6567,0.1052,0.1061,0.1144,0.0924
_SO,10001422,50ETF购3月2650,0.0696,-0.0074,-9.61%,533,399972,6132,2.650,120,-68,0.0770,0.0781,0.0801,0.0692
_SO,10001424,50ETF购3月2750,0.0457,-0.0058,-11.26%,1203,611782,5864,2.750,120,136,0.0515,0.0518,0.0539,0.0457
_SO,10001423,50ETF购3月2700,0.0565,-0.0073,-11.44%,1226,743958,7005,2.700,120,57,0.0638,0.0643,0.0661,0.0565
_SO,10001425,50ETF购3月2800,0.0370,-0.0048,-11.48%,1870,768322,14110,2.800,120,299,0.0418,0.0440,0.0440,0.0370
_SO,10001489,50ETF购11月2350,0.0884,-0.0122,-12.13%,8678,8589053,5395,2.350,1,-1493,0.1006,0.1035,0.1144,0.0824
_SO,10001331,50ETF购12月2450,0.0679,-0.0101,-12.95%,69774,52956698,53835,2.450,29,18610,0.0780,0.0815,0.0846,0.0662
_SO,10001469,50ETF购3月2850,0.0296,-0.0046,-13.45%,1829,595764,16449,2.850,120,54,0.0342,0.0342,0.0353,0.0296
_SO,10001320,50ETF购12月2850,0.0019,-0.0003,-13.64%,3923,78561,34064,2.850,29,295,0.0022,0.0022,0.0024,0.0015
_SO,10001313,50ETF购12月2500,0.0468,-0.0085,-15.37%,83460,44309064,96531,2.500,29,21130,0.0553,0.0589,0.0603,0.0455
_SO,10001314,50ETF购12月2550,0.0315,-0.0066,-17.32%,43566,15587632,67725,2.550,29,8610,0.0381,0.0400,0.0414,0.0302
_SO,10001319,50ETF购12月2800,0.0028,-0.0007,-20.00%,11070,362333,30380,2.800,29,-1344,0.0035,0.0035,0.0040,0.0028
_SO,10001315,50ETF购12月2600,0.0200,-0.0050,-20.00%,32801,7547536,65530,2.600,29,8174,0.0250,0.0260,0.0272,0.0190
_SO,10001492,50ETF沽11月2400,0.0054,-0.0014,-20.59%,76432,3405731,71521,2.400,1,-8583,0.0068,0.0049,0.0061,0.0026
_SO,10001316,50ETF购12月2650,0.0122,-0.0034,-21.79%,19528,2850717,47638,2.650,29,5036,0.0156,0.0165,0.0179,0.0115
_SO,10001490,50ETF购11月2400,0.0427,-0.0134,-23.89%,68778,36532045,16482,2.400,1,-3905,0.0561,0.0574,0.0678,0.0370
_SO,10001318,50ETF购12月2750,0.0042,-0.0015,-26.32%,12524,651278,33413,2.750,29,1101,0.0057,0.0060,0.0066,0.0041
_SO,10001317,50ETF购12月2700,0.0070,-0.0027,-27.84%,18094,1608724,70911,2.700,29,1485,0.0097,0.0097,0.0104,0.0068
_SO,10001321,50ETF购12月2900,0.0014,-0.0006,-30.00%,1933,32513,34757,2.900,29,318,0.0020,0.0019,0.0020,0.0014
_SO,10001496,50ETF沽11月2300,0.0002,-0.0001,-33.33%,8761,12384,44362,2.300,1,-7854,0.0003,0.0003,0.0003,0.0001
_SO,10001478,50ETF购11月2800,0.0001,-0.0001,-50.00%,6032,6341,52554,2.800,1,-655,0.0002,0.0001,0.0002,0.0001
_SO,10001477,50ETF购11月2750,0.0001,-0.0001,-50.00%,5719,5922,49760,2.750,1,-391,0.0002,0.0002,0.0002,0.0001
_SO,10001491,50ETF沽11月2350,0.0006,-0.0007,-53.85%,24397,133700,61654,2.350,1,-2807,0.0013,0.0010,0.0010,0.0003
_SO,10001471,50ETF购11月2450,0.0112,-0.0131,-53.91%,155915,27986618,55646,2.450,1,-3442,0.0243,0.0246,0.0280,0.0078
_SO,10001476,50ETF购11月2700,0.0001,-0.0002,-66.67%,6796,9912,58250,2.700,1,-1254,0.0003,0.0002,0.0004,0.0001
_SO,10001472,50ETF购11月2500,0.0020,-0.0050,-71.43%,125530,5526618,108173,2.500,1,-13172,0.0070,0.0079,0.0087,0.0015
_SO,10001475,50ETF购11月2650,0.0001,-0.0003,-75.00%,12042,30347,70986,2.650,1,-4634,0.0004,0.0003,0.0006,0.0001
_SO,10001474,50ETF购11月2600,0.0002,-0.0006,-75.00%,35215,131492,93523,2.600,1,-15650,0.0008,0.0007,0.0008,0.0002
_SO,10001473,50ETF购11月2550,0.0004,-0.0016,-80.00%,52968,580802,115644,2.550,1,-12544,0.0020,0.0020,0.0025,0.0003