_SO,10001549,XD50ETF购12月2550,0.0327,0.0084,34.57%,37249,13666085,16014,2.550,23,16014,0.0243,0.0478,0.0525,0.0318
_SO,10001313,XD50ETF购12月2450A,0.0788,0.0196,33.11%,106122,90415448,81186,2.450,23,-26742,0.0592,0.0880,0.0919,0.0749
_SO,10001548,XD50ETF购12月2500,0.0531,0.0130,32.42%,71768,40747575,28869,2.500,23,28869,0.0401,0.0764,0.0769,0.0503
_SO,10001314,XD50ETF购12月2500A,0.0529,0.0128,31.92%,75613,44114654,75277,2.500,23,-6373,0.0401,0.0687,0.0687,0.0506
_SO,10001550,XD50ETF购12月2600,0.0187,0.0045,31.69%,38269,8358586,18223,2.600,23,18223,0.0142,0.0345,0.0345,0.0182
_SO,10001315,XD50ETF购12月2549A,0.0327,0.0078,31.33%,49386,18400461,68633,2.549,23,-11468,0.0249,0.0420,0.0429,0.0322
_SO,10001547,XD50ETF购12月2450,0.0776,0.0184,31.08%,34148,28424717,10556,2.450,23,10556,0.0592,0.1030,0.1092,0.0750
_SO,10001546,XD50ETF购12月2400,0.1124,0.0261,30.24%,8483,9923556,2226,2.400,23,2226,0.0863,0.1349,0.1349,0.1057
_SO,10001359,XD50ETF购12月2352A,0.1510,0.0350,30.17%,15247,23664157,17896,2.352,23,-4442,0.1160,0.1501,0.1629,0.1402
_SO,10001331,XD50ETF购12月2401A,0.1105,0.0255,30.00%,51702,60760664,44273,2.401,23,-17223,0.0850,0.1150,0.1245,0.1044
_SO,10001566,XD50ETF购1月2500,0.0827,0.0185,28.82%,6085,5153608,3174,2.500,51,3174,0.0642,0.0902,0.0962,0.0783
_SO,10001545,XD50ETF购12月2350,0.1525,0.0341,28.80%,3319,5146644,1145,2.350,23,1145,0.1184,0.1747,0.1769,0.1411
_SO,10001567,XD50ETF购1月2550,0.0606,0.0134,28.39%,2915,1847876,1327,2.550,51,1327,0.0472,0.0689,0.0722,0.0580
_SO,10001533,XD50ETF购1月2598A,0.0439,0.0096,27.99%,5896,2799548,10670,2.598,51,-2046,0.0343,0.0478,0.0559,0.0421
_SO,10001531,XD50ETF购1月2500A,0.0821,0.0179,27.88%,1628,1414157,1993,2.500,51,191,0.0642,0.0900,0.0956,0.0775
_SO,10001568,XD50ETF购1月2600,0.0429,0.0090,26.55%,2886,1308657,1288,2.600,51,1288,0.0339,0.0508,0.0530,0.0416
_SO,10001532,XD50ETF购1月2549A,0.0606,0.0127,26.51%,2408,1586262,3661,2.549,51,-338,0.0479,0.0693,0.0723,0.0584
_SO,10001316,XD50ETF购12月2598A,0.0187,0.0039,26.35%,30084,6777994,68560,2.598,23,-4100,0.0148,0.0260,0.0271,0.0181
_SO,10001530,XD50ETF购1月2450A,0.1088,0.0225,26.07%,2750,3111688,2245,2.450,51,-990,0.0863,0.1118,0.1233,0.1020
_SO,10001544,XD50ETF购12月2300,0.1942,0.0401,26.02%,1733,3447503,679,2.300,23,679,0.1541,0.2200,0.2398,0.1829
_SO,10001564,XD50ETF购1月2400,0.1401,0.0289,25.99%,622,885102,325,2.400,51,325,0.1112,0.1493,0.1601,0.1315
_SO,10001565,XD50ETF购1月2450,0.1085,0.0222,25.72%,2330,2581089,1151,2.450,51,1151,0.0863,0.1090,0.1361,0.1030
_SO,10001529,XD50ETF购1月2401A,0.1386,0.0282,25.54%,2220,3180401,2035,2.401,51,-544,0.1104,0.1378,0.1565,0.1314
_SO,10001369,XD50ETF购12月2303A,0.1900,0.0377,24.75%,7546,14969455,10836,2.303,23,-657,0.1523,0.1874,0.2095,0.1798
_SO,10001377,XD50ETF购12月2254A,0.2372,0.0470,24.71%,3706,9037181,12754,2.254,23,-1110,0.1902,0.2385,0.2510,0.2240
_SO,10001563,XD50ETF购1月2350,0.1748,0.0341,24.24%,1960,3516863,1281,2.350,51,1281,0.1407,0.1718,0.1949,0.1649
_SO,10001543,XD50ETF购12月2250,0.2419,0.0460,23.48%,891,2171994,391,2.250,23,391,0.1959,0.2611,0.2661,0.2274
_SO,10001528,XD50ETF购1月2352A,0.1721,0.0327,23.46%,708,1249028,421,2.352,51,-62,0.1394,0.1704,0.1881,0.1550
_SO,10001527,XD50ETF购1月2303A,0.2116,0.0397,23.09%,284,612390,265,2.303,51,30,0.1719,0.2064,0.2464,0.2015
_SO,10001562,XD50ETF购1月2300,0.2140,0.0399,22.92%,242,525868,91,2.300,51,91,0.1741,0.2087,0.2489,0.2019
_SO,10001526,XD50ETF购1月2254A,0.2549,0.0467,22.43%,213,550868,134,2.254,51,-24,0.2082,0.2533,0.2642,0.2419
_SO,10001317,XD50ETF购12月2647A,0.0099,0.0018,22.22%,41099,5087834,96527,2.647,23,2125,0.0081,0.0116,0.0162,0.0091
_SO,10001569,XD50ETF购1月2650,0.0290,0.0051,21.34%,6734,2126250,4270,2.650,51,4270,0.0239,0.0368,0.0424,0.0286
_SO,10001561,XD50ETF购1月2250,0.2563,0.0448,21.18%,741,1916225,487,2.250,51,487,0.2115,0.2592,0.2813,0.2429
_SO,10001383,XD50ETF购12月2205A,0.2840,0.0478,20.24%,1896,5539435,3401,2.205,23,-504,0.2362,0.3000,0.3000,0.2701
_SO,10001525,XD50ETF购1月2205A,0.2975,0.0496,20.01%,422,1281998,329,2.205,51,63,0.2479,0.2953,0.3160,0.2839
_SO,10001411,XD50ETF购12月2156A,0.3310,0.0488,17.29%,4525,15407474,8504,2.156,23,-1476,0.2822,0.3398,0.3452,0.3170
_SO,10001582,XD50ETF购3月2400,0.1860,0.0256,15.96%,123,231178,73,2.400,114,73,0.1604,0.1846,0.1936,0.1803
_SO,10001583,XD50ETF购3月2450,0.1565,0.0213,15.75%,127,203131,80,2.450,114,80,0.1352,0.1564,0.1656,0.1545
_SO,10001417,XD50ETF购3月2352A,0.2168,0.0295,15.75%,777,1741192,2634,2.352,114,-251,0.1873,0.2001,0.2300,0.2001
_SO,10001419,XD50ETF购3月2450A,0.1565,0.0213,15.75%,1711,2780666,7874,2.450,114,-839,0.1352,0.1556,0.1730,0.1530
_SO,10001421,XD50ETF购3月2549A,0.1076,0.0145,15.57%,1773,2000233,7832,2.549,114,-308,0.0931,0.1113,0.1200,0.1051
_SO,10001585,XD50ETF购3月2550,0.1069,0.0141,15.19%,313,345747,244,2.550,114,244,0.0928,0.1109,0.1219,0.1037
_SO,10001418,XD50ETF购3月2401A,0.1835,0.0242,15.19%,561,1074887,5077,2.401,114,-13,0.1593,0.1826,0.1988,0.1800
_SO,10001435,XD50ETF购3月2303A,0.2513,0.0330,15.12%,215,565594,903,2.303,114,31,0.2183,0.2439,0.2737,0.2439
_SO,10001584,XD50ETF购3月2500,0.1301,0.0170,15.03%,751,1007348,529,2.500,114,529,0.1131,0.1323,0.1383,0.1287
_SO,10001420,XD50ETF购3月2500A,0.1301,0.0170,15.03%,1087,1461016,5765,2.500,114,-260,0.1131,0.1323,0.1455,0.0821
_SO,10001581,XD50ETF购3月2350,0.2174,0.0283,14.97%,82,182296,40,2.350,114,40,0.1891,0.2140,0.2270,0.2110
_SO,10001437,XD50ETF购3月2254A,0.2890,0.0376,14.96%,348,1038344,1438,2.254,114,-100,0.2514,0.2957,0.3008,0.2730
_SO,10001579,XD50ETF购3月2250,0.2920,0.0370,14.51%,190,567984,116,2.250,114,116,0.2550,0.2814,0.3240,0.2814
_SO,10001586,XD50ETF购3月2600,0.0868,0.0110,14.51%,480,437197,320,2.600,114,320,0.0758,0.0920,0.1011,0.0850
_SO,10001439,XD50ETF购3月2205A,0.3294,0.0417,14.49%,365,1237747,1673,2.205,114,44,0.2877,0.3328,0.3453,0.3203
_SO,10001580,XD50ETF购3月2300,0.2524,0.0318,14.42%,87,224101,60,2.300,114,60,0.2206,0.2458,0.2626,0.2458
_SO,10001587,XD50ETF购3月2650,0.0695,0.0086,14.12%,533,393988,366,2.650,114,366,0.0609,0.0757,0.0821,0.0679
_SO,10001422,XD50ETF购3月2598A,0.0878,0.0108,14.03%,903,853077,5895,2.598,114,-148,0.0770,0.0912,0.1111,0.0865
_SO,10001551,XD50ETF购12月2650,0.0090,0.0011,13.92%,29887,3517257,16934,2.650,23,16934,0.0079,0.0180,0.0196,0.0090
_SO,10001600,XD50ETF购6月2400,0.2448,0.0293,13.60%,105,257854,51,2.400,205,51,0.2155,0.2352,0.2572,0.2352
_SO,10001598,XD50ETF购6月2300,0.3093,0.0361,13.21%,169,518962,67,2.300,205,67,0.2732,0.2958,0.3136,0.2958
_SO,10001599,XD50ETF购6月2350,0.2755,0.0321,13.19%,76,206416,57,2.350,205,57,0.2434,0.2635,0.2795,0.2635
_SO,10001603,XD50ETF购6月2550,0.1653,0.0192,13.14%,153,255087,62,2.550,205,62,0.1461,0.1685,0.1755,0.1612
_SO,10001441,XD50ETF购3月2156A,0.3698,0.0429,13.12%,914,3477296,6536,2.156,114,-236,0.3269,0.4057,0.4057,0.3500
_SO,10001423,XD50ETF购3月2647A,0.0700,0.0081,13.09%,1325,1012596,8003,2.647,114,-130,0.0619,0.0730,0.0900,0.0688
_SO,10001424,XD50ETF购3月2696A,0.0561,0.0064,12.88%,1087,662544,6000,2.696,114,-201,0.0497,0.0609,0.0669,0.0547
_SO,10001521,XD50ETF购6月2205A,0.3777,0.0425,12.68%,461,1781508,1110,2.205,205,50,0.3352,0.3629,0.3951,0.3629
_SO,10001425,XD50ETF购3月2745A,0.0445,0.0048,12.09%,2083,1025918,14504,2.745,114,-289,0.0397,0.0454,0.0565,0.0431
_SO,10001502,XD50ETF购6月2352A,0.2705,0.0290,12.01%,310,871204,1046,2.352,205,-74,0.2415,0.2842,0.2891,0.2676
_SO,10001501,XD50ETF购6月2303A,0.3032,0.0321,11.84%,277,874734,684,2.303,205,28,0.2711,0.2990,0.3444,0.2990
_SO,10001503,XD50ETF购6月2401A,0.2395,0.0252,11.76%,499,1238625,2464,2.401,205,-55,0.2143,0.2378,0.2608,0.1269
_SO,10001602,XD50ETF购6月2500,0.1862,0.0195,11.70%,372,707542,210,2.500,205,210,0.1667,0.1951,0.1951,0.1850
_SO,10001597,XD50ETF购6月2250,0.3404,0.0354,11.61%,261,899531,146,2.250,205,146,0.3050,0.3302,0.3608,0.3302
_SO,10001508,XD50ETF购6月2647A,0.1237,0.0125,11.24%,501,653318,2402,2.647,205,-13,0.1112,0.1259,0.1350,0.1234
_SO,10001509,XD50ETF购6月2696A,0.1070,0.0108,11.23%,1076,1201632,3996,2.696,205,-139,0.0962,0.1101,0.1161,0.1034
_SO,10001469,XD50ETF购3月2794A,0.0337,0.0034,11.22%,6404,2476314,20650,2.794,114,-706,0.0303,0.0372,0.0433,0.0335
_SO,10001519,XD50ETF购6月2254A,0.3356,0.0338,11.20%,1071,3764540,2424,2.254,205,-526,0.3018,0.3268,0.3559,0.3268
_SO,10001601,XD50ETF购6月2450,0.2111,0.0211,11.11%,80,171728,41,2.450,205,41,0.1900,0.2156,0.2195,0.2111
_SO,10001505,XD50ETF购6月2500A,0.1852,0.0185,11.10%,669,1303411,2906,2.500,205,-264,0.1667,0.1856,0.2017,0.1852
_SO,10001604,XD50ETF购6月2600,0.1405,0.0133,10.46%,142,208467,78,2.600,205,78,0.1272,0.1498,0.1528,0.1405
_SO,10001507,XD50ETF购6月2598A,0.1417,0.0133,10.36%,275,395122,2077,2.598,205,48,0.1284,0.1434,0.1592,0.0772
_SO,10001504,XD50ETF购6月2450A,0.2096,0.0196,10.32%,344,765624,3403,2.450,205,-122,0.1900,0.2094,0.2400,0.1909
_SO,10001523,XD50ETF购6月2745A,0.0907,0.0083,10.07%,1566,1506559,4817,2.745,205,161,0.0824,0.0961,0.1050,0.0889
_SO,10001506,XD50ETF购6月2549A,0.1612,0.0147,10.03%,416,707655,2359,2.549,205,-141,0.1465,0.1628,0.1751,0.1570
_SO,10001605,XD50ETF购6月2650,0.1210,0.0110,10.00%,301,368490,184,2.650,205,184,0.1100,0.1248,0.1386,0.0843
_SO,10001318,XD50ETF购12月2696A,0.0050,0.0004,8.70%,22784,1550186,43216,2.696,23,6891,0.0046,0.0075,0.0113,0.0050
_SO,10001319,XD50ETF购12月2745A,0.0026,0.0002,8.33%,11874,471489,35935,2.745,23,1841,0.0024,0.0046,0.0064,0.0026
_SO,10001321,XD50ETF购12月2843A,0.0011,0.0000,0.00%,4808,70294,38257,2.843,23,834,0.0011,0.0023,0.0023,0.0011
_SO,10001333,XD50ETF购12月2892A,0.0009,0.0000,0.00%,3826,45864,67560,2.892,23,701,0.0009,0.0018,0.0021,0.0008
_SO,10001320,XD50ETF购12月2794A,0.0016,0.0000,0.00%,7754,159106,35896,2.794,23,1569,0.0016,0.0022,0.0034,0.0014
_SO,10001334,XD50ETF沽12月2892A,0.4052,-0.0618,-13.23%,1531,6328056,8388,2.892,23,-58,0.4670,0.4404,0.4404,0.3347
_SO,10001434,XD50ETF沽3月2745A,0.2750,-0.0459,-14.30%,512,1461459,6027,2.745,114,-19,0.3209,0.2939,0.3032,0.2672
_SO,10001524,XD50ETF沽6月2745A,0.2865,-0.0481,-14.38%,668,1957430,2810,2.745,205,392,0.3346,0.3070,0.3070,0.2810
_SO,10001330,XD50ETF沽12月2843A,0.3555,-0.0625,-14.95%,661,2402757,2930,2.843,23,57,0.4180,0.3584,0.3700,0.2880
_SO,10001518,XD50ETF沽6月2696A,0.2537,-0.0451,-15.09%,285,748098,714,2.696,205,6,0.2988,0.2725,0.2725,0.2500
_SO,10001470,XD50ETF沽3月2794A,0.3115,-0.0575,-15.58%,1183,3771348,5266,2.794,114,67,0.3690,0.3349,0.3350,0.3052
_SO,10001517,XD50ETF沽6月2647A,0.2238,-0.0416,-15.67%,198,456442,626,2.647,205,11,0.2654,0.2417,0.2417,0.2201
_SO,10001614,XD50ETF沽6月2650,0.2245,-0.0424,-15.89%,137,313738,79,2.650,205,79,0.2669,0.2449,0.2449,0.2215
_SO,10001329,XD50ETF沽12月2794A,0.3074,-0.0616,-16.69%,679,2121364,2700,2.794,23,-92,0.3690,0.3054,0.3220,0.2700
_SO,10001433,XD50ETF沽3月2696A,0.2363,-0.0476,-16.77%,225,546877,2185,2.696,114,-32,0.2839,0.2558,0.2558,0.1702
_SO,10001613,XD50ETF沽6月2600,0.1950,-0.0402,-17.09%,55,110008,40,2.600,205,40,0.2352,0.2158,0.2158,0.1931
_SO,10001516,XD50ETF沽6月2598A,0.1936,-0.0416,-17.69%,315,635898,1458,2.598,205,-9,0.2352,0.2125,0.2125,0.1921
_SO,10001432,XD50ETF沽3月2647A,0.2040,-0.0443,-17.84%,88,185588,2467,2.647,114,17,0.2483,0.2199,0.2199,0.1976
_SO,10001596,XD50ETF沽3月2650,0.2039,-0.0454,-18.21%,170,344972,118,2.650,114,118,0.2493,0.2219,0.2219,0.1483
_SO,10001515,XD50ETF沽6月2549A,0.1672,-0.0373,-18.24%,466,805220,2314,2.549,205,-123,0.2045,0.1852,0.1852,0.1622
_SO,10001514,XD50ETF沽6月2500A,0.1445,-0.0323,-18.27%,412,601643,2084,2.500,205,-73,0.1768,0.1599,0.1599,0.1388
_SO,10001612,XD50ETF沽6月2550,0.1666,-0.0385,-18.77%,23,39674,21,2.550,205,21,0.2051,0.1872,0.1872,0.1660
_SO,10001328,XD50ETF沽12月2745A,0.2591,-0.0609,-19.03%,1470,3898902,3720,2.745,23,-96,0.3200,0.2845,0.2845,0.2460
_SO,10001611,XD50ETF沽6月2500,0.1421,-0.0347,-19.63%,194,281158,132,2.500,205,132,0.1768,0.1599,0.1599,0.1396
_SO,10001595,XD50ETF沽3月2600,0.1715,-0.0434,-20.20%,285,491833,154,2.600,114,154,0.2149,0.1878,0.1878,0.1577
_SO,10001610,XD50ETF沽6月2450,0.1204,-0.0314,-20.69%,235,284328,159,2.450,205,159,0.1518,0.1356,0.1356,0.1178
_SO,10001431,XD50ETF沽3月2598A,0.1698,-0.0444,-20.73%,68,122539,1628,2.598,114,-17,0.2142,0.1866,0.1889,0.1668
_SO,10001327,XD50ETF沽12月2696A,0.2131,-0.0579,-21.37%,1132,2457976,4609,2.696,23,-183,0.2710,0.2222,0.2281,0.2011
_SO,10001578,XD50ETF沽1月2650,0.1832,-0.0501,-21.47%,865,1588617,424,2.650,51,424,0.2333,0.1956,0.1989,0.1743
_SO,10001513,XD50ETF沽6月2450A,0.1191,-0.0327,-21.54%,505,622680,2708,2.450,205,-107,0.1518,0.1344,0.1344,0.1056
_SO,10001430,XD50ETF沽3月2549A,0.1408,-0.0400,-22.12%,603,879958,3677,2.549,114,-243,0.1808,0.1562,0.1583,0.1370
_SO,10001594,XD50ETF沽3月2550,0.1415,-0.0402,-22.12%,81,118317,55,2.550,114,55,0.1817,0.1565,0.1565,0.1379
_SO,10001542,XD50ETF沽1月2598A,0.1473,-0.0438,-22.92%,487,750805,657,2.598,51,39,0.1911,0.1583,0.1833,0.1380
_SO,10001326,XD50ETF沽12月2647A,0.1705,-0.0515,-23.20%,4002,6952949,9667,2.647,23,-679,0.2220,0.1900,0.1908,0.1577
_SO,10001609,XD50ETF沽6月2400,0.0978,-0.0299,-23.41%,804,802838,706,2.400,205,706,0.1277,0.1131,0.1131,0.0970
_SO,10001512,XD50ETF沽6月2401A,0.0978,-0.0299,-23.41%,467,481830,3774,2.401,205,-30,0.1277,0.1137,0.1137,0.0971
_SO,10001560,XD50ETF沽12月2650,0.1729,-0.0538,-23.73%,4685,8029634,1282,2.650,23,1282,0.2267,0.1711,0.1874,0.1600
_SO,10001577,XD50ETF沽1月2600,0.1463,-0.0464,-24.08%,568,840224,225,2.600,51,225,0.1927,0.1617,0.1617,0.1392
_SO,10001608,XD50ETF沽6月2350,0.0812,-0.0258,-24.11%,742,627041,586,2.350,205,586,0.1070,0.0926,0.0952,0.0781
_SO,10001511,XD50ETF沽6月2352A,0.0813,-0.0259,-24.16%,836,717128,6106,2.352,205,117,0.1072,0.0940,0.1000,0.0794
_SO,10001429,XD50ETF沽3月2500A,0.1151,-0.0381,-24.87%,668,795961,2676,2.500,114,-306,0.1532,0.1305,0.1306,0.0901
_SO,10001593,XD50ETF沽3月2500,0.1150,-0.0382,-24.93%,502,580284,430,2.500,114,430,0.1532,0.1305,0.1329,0.1122
_SO,10001325,XD50ETF沽12月2598A,0.1315,-0.0448,-25.41%,5782,7630945,8831,2.598,23,-410,0.1763,0.1300,0.1444,0.1200
_SO,10001510,XD50ETF沽6月2303A,0.0664,-0.0229,-25.64%,1052,748065,3231,2.303,205,-512,0.0893,0.0764,0.0764,0.0647
_SO,10001592,XD50ETF沽3月2450,0.0929,-0.0333,-26.39%,351,340749,219,2.450,114,219,0.1262,0.1060,0.1060,0.0895
_SO,10001559,XD50ETF沽12月2600,0.1312,-0.0478,-26.70%,6575,8587488,2178,2.600,23,2178,0.1790,0.1262,0.1462,0.1220
_SO,10001576,XD50ETF沽1月2550,0.1142,-0.0417,-26.75%,1148,1303358,809,2.550,51,809,0.1559,0.1235,0.1280,0.0007
_SO,10001520,XD50ETF沽6月2254A,0.0529,-0.0195,-26.93%,1201,695483,2900,2.254,205,-445,0.0724,0.0615,0.0618,0.0518
_SO,10001541,XD50ETF沽1月2549A,0.1133,-0.0425,-27.28%,522,624342,807,2.549,51,217,0.1558,0.1170,0.1279,0.1076
_SO,10001428,XD50ETF沽3月2450A,0.0917,-0.0345,-27.34%,1170,1143144,3674,2.450,114,-368,0.1262,0.1056,0.1107,0.0895
_SO,10001607,XD50ETF沽6月2300,0.0640,-0.0242,-27.44%,333,221991,236,2.300,205,236,0.0882,0.0755,0.0755,0.0640
_SO,10001606,XD50ETF沽6月2250,0.0513,-0.0202,-28.25%,620,334956,404,2.250,205,404,0.0715,0.0604,0.0604,0.0496
_SO,10001522,XD50ETF沽6月2205A,0.0410,-0.0174,-29.79%,1137,514289,8013,2.205,205,-180,0.0584,0.0521,0.0545,0.0401
_SO,10001591,XD50ETF沽3月2400,0.0717,-0.0306,-29.91%,567,429524,320,2.400,114,320,0.1023,0.0848,0.0888,0.0466
_SO,10001427,XD50ETF沽3月2401A,0.0719,-0.0308,-29.99%,623,491602,5045,2.401,114,-196,0.1027,0.0849,0.0893,0.0698
_SO,10001540,XD50ETF沽1月2500A,0.0859,-0.0380,-30.67%,657,596798,739,2.500,51,278,0.1239,0.1013,0.1013,0.0810
_SO,10001575,XD50ETF沽1月2500,0.0858,-0.0381,-30.75%,3272,2781411,1686,2.500,51,1686,0.1239,0.1013,0.1013,0.0014
_SO,10001558,XD50ETF沽12月2550,0.0945,-0.0421,-30.82%,16680,15819867,6560,2.550,23,6560,0.1366,0.0903,0.1091,0.0874
_SO,10001324,XD50ETF沽12月2549A,0.0938,-0.0427,-31.28%,18821,18008710,20835,2.549,23,-638,0.1365,0.1000,0.1086,0.0865
_SO,10001426,XD50ETF沽3月2352A,0.0554,-0.0263,-32.19%,603,353656,5878,2.352,114,-190,0.0817,0.0668,0.0668,0.0541
_SO,10001590,XD50ETF沽3月2350,0.0548,-0.0261,-32.26%,376,217993,285,2.350,114,285,0.0809,0.0662,0.0662,0.0527
_SO,10001436,XD50ETF沽3月2303A,0.0417,-0.0219,-34.43%,644,301851,3578,2.303,114,44,0.0636,0.0514,0.0539,0.0408
_SO,10001539,XD50ETF沽1月2450A,0.0624,-0.0336,-35.00%,1821,1211771,2471,2.450,51,428,0.0960,0.0769,0.0769,0.0590
_SO,10001574,XD50ETF沽1月2450,0.0624,-0.0336,-35.00%,3740,2349862,2234,2.450,51,2234,0.0960,0.0769,0.0769,0.0587
_SO,10001589,XD50ETF沽3月2300,0.0408,-0.0220,-35.03%,399,176999,244,2.300,114,244,0.0628,0.0506,0.0506,0.0402
_SO,10001557,XD50ETF沽12月2500,0.0651,-0.0380,-36.86%,48400,31825595,17825,2.500,23,17825,0.1031,0.0730,0.0786,0.0600
_SO,10001438,XD50ETF沽3月2254A,0.0305,-0.0182,-37.37%,2122,727792,7243,2.254,114,-104,0.0487,0.0388,0.0420,0.0298
_SO,10001323,XD50ETF沽12月2500A,0.0642,-0.0389,-37.73%,38273,25614075,40031,2.500,23,4344,0.1031,0.0633,0.0780,0.0594
_SO,10001588,XD50ETF沽3月2250,0.0296,-0.0183,-38.20%,1193,367878,993,2.250,114,993,0.0479,0.0378,0.0378,0.0288
_SO,10001538,XD50ETF沽1月2401A,0.0432,-0.0291,-40.25%,2398,1120063,2464,2.401,51,-482,0.0723,0.0531,0.0549,0.0080
_SO,10001440,XD50ETF沽3月2205A,0.0219,-0.0148,-40.33%,2059,519623,14411,2.205,114,-593,0.0367,0.0312,0.0312,0.0210
_SO,10001573,XD50ETF沽1月2400,0.0431,-0.0292,-40.39%,1180,538605,691,2.400,51,691,0.0723,0.0512,0.0530,0.0388
_SO,10001442,XD50ETF沽3月2156A,0.0154,-0.0112,-42.11%,3332,598114,21397,2.156,114,-850,0.0266,0.0201,0.0244,0.0149
_SO,10001556,XD50ETF沽12月2450,0.0413,-0.0328,-44.26%,47941,20831327,18562,2.450,23,18562,0.0741,0.0500,0.0525,0.0353
_SO,10001322,XD50ETF沽12月2450A,0.0410,-0.0331,-44.67%,73171,32741793,67617,2.450,23,2168,0.0741,0.0428,0.0529,0.0390
_SO,10001572,XD50ETF沽1月2350,0.0290,-0.0238,-45.08%,2171,653137,1349,2.350,51,1349,0.0528,0.0357,0.0364,0.0243
_SO,10001537,XD50ETF沽1月2352A,0.0293,-0.0246,-45.64%,5588,1808196,4740,2.352,51,-3175,0.0539,0.0367,0.0377,0.0278
_SO,10001536,XD50ETF沽1月2303A,0.0190,-0.0182,-48.92%,1546,336089,4489,2.303,51,26,0.0372,0.0156,0.0350,0.0156
_SO,10001332,XD50ETF沽12月2401A,0.0257,-0.0258,-50.10%,69237,19384567,76562,2.401,23,-15227,0.0515,0.0330,0.0339,0.0236
_SO,10001571,XD50ETF沽1月2300,0.0179,-0.0182,-50.42%,5709,1078829,3910,2.300,51,3910,0.0361,0.0242,0.0242,0.0171
_SO,10001555,XD50ETF沽12月2400,0.0248,-0.0267,-51.84%,35270,9299686,15332,2.400,23,15332,0.0515,0.0301,0.0334,0.0232
_SO,10001535,XD50ETF沽1月2254A,0.0115,-0.0130,-53.06%,3461,449267,7448,2.254,51,592,0.0245,0.0120,0.0173,0.0107
_SO,10001570,XD50ETF沽1月2250,0.0109,-0.0132,-54.77%,5733,697429,4601,2.250,51,4601,0.0241,0.0160,0.0160,0.0101
_SO,10001534,XD50ETF沽1月2205A,0.0069,-0.0093,-57.41%,5579,461540,11898,2.205,51,-2619,0.0162,0.0129,0.0130,0.0066
_SO,10001360,XD50ETF沽12月2352A,0.0136,-0.0201,-59.64%,48577,7959251,63876,2.352,23,-7444,0.0337,0.0174,0.0203,0.0132
_SO,10001554,XD50ETF沽12月2350,0.0128,-0.0202,-61.21%,29618,4312269,18370,2.350,23,18370,0.0330,0.0185,0.0197,0.0113
_SO,10001370,XD50ETF沽12月2303A,0.0071,-0.0130,-64.68%,36608,3081095,67149,2.303,23,-9826,0.0201,0.0079,0.0110,0.0066
_SO,10001412,XD50ETF沽12月2156A,0.0011,-0.0022,-66.67%,20547,264748,63133,2.156,23,-7259,0.0033,0.0022,0.0022,0.0009
_SO,10001553,XD50ETF沽12月2300,0.0064,-0.0130,-67.01%,18414,1389903,12409,2.300,23,12409,0.0194,0.0144,0.0144,0.0036
_SO,10001552,XD50ETF沽12月2250,0.0031,-0.0076,-71.03%,7653,291585,5004,2.250,23,5004,0.0107,0.0066,0.0070,0.0030
_SO,10001378,XD50ETF沽12月2254A,0.0032,-0.0080,-71.43%,31297,1360316,64396,2.254,23,-7895,0.0112,0.0051,0.0060,0.0031
_SO,10001384,XD50ETF沽12月2205A,0.0016,-0.0042,-72.41%,21204,454226,53246,2.205,23,-11636,0.0058,0.0030,0.0031,0.0013