_SO,10001491,50ETF沽11月2350,0.0165,0.0014,9.27%,28611,4740349,66433,2.350,22,5051,0.0151,0.0150,0.0180,0.0148
_SO,10001481,50ETF沽11月2500,0.0587,0.0047,8.70%,85630,51073209,70915,2.500,22,763,0.0540,0.0525,0.0650,0.0523
_SO,10001480,50ETF沽11月2450,0.0404,0.0032,8.60%,59433,24539927,75751,2.450,22,-2446,0.0372,0.0358,0.0450,0.0358
_SO,10001322,50ETF沽12月2500,0.0878,0.0063,7.73%,5654,4935680,13121,2.500,50,-48,0.0815,0.0805,0.0929,0.0805
_SO,10001323,50ETF沽12月2550,0.1110,0.0077,7.45%,5353,5957958,8577,2.550,50,57,0.1033,0.1025,0.1179,0.1025
_SO,10001492,50ETF沽11月2400,0.0262,0.0018,7.38%,41180,11178396,66104,2.400,22,1256,0.0244,0.0244,0.0297,0.0238
_SO,10001484,50ETF沽11月2650,0.1405,0.0094,7.17%,13175,18820785,18008,2.650,22,411,0.1311,0.1301,0.1530,0.1301
_SO,10001520,50ETF沽6月2300,0.0920,0.0061,7.10%,97,88262,1793,2.300,232,30,0.0859,0.0887,0.0933,0.0887
_SO,10001428,50ETF沽3月2500,0.1394,0.0092,7.07%,891,1217553,3553,2.500,141,69,0.1302,0.1311,0.1414,0.1300
_SO,10001482,50ETF沽11月2550,0.0807,0.0052,6.89%,97872,80562528,58561,2.550,22,2310,0.0755,0.0747,0.0897,0.0745
_SO,10001332,50ETF沽12月2450,0.0671,0.0043,6.85%,3449,2346354,10299,2.450,50,-840,0.0628,0.0625,0.0716,0.0625
_SO,10001325,50ETF沽12月2650,0.1671,0.0100,6.37%,1438,2431575,3938,2.650,50,1,0.1571,0.1576,0.1768,0.1576
_SO,10001522,50ETF沽6月2250,0.0770,0.0046,6.35%,710,540453,1638,2.250,232,107,0.0724,0.0738,0.0785,0.0737
_SO,10001436,50ETF沽3月2350,0.0808,0.0048,6.32%,432,340387,3593,2.350,141,-121,0.0760,0.0773,0.0829,0.0759
_SO,10001485,50ETF沽11月2700,0.1760,0.0102,6.15%,4986,8956729,11200,2.700,22,-24,0.1658,0.1666,0.1902,0.1666
_SO,10001360,50ETF沽12月2400,0.0502,0.0029,6.13%,4526,2266125,12684,2.400,50,-195,0.0473,0.0474,0.0537,0.0467
_SO,10001440,50ETF沽3月2250,0.0538,0.0031,6.11%,530,277858,8533,2.250,141,78,0.0507,0.0507,0.0550,0.0502
_SO,10001426,50ETF沽3月2400,0.0975,0.0055,5.98%,682,660652,5471,2.400,141,24,0.0920,0.0904,0.1007,0.0904
_SO,10001483,50ETF沽11月2600,0.1081,0.0061,5.98%,41012,45421663,46091,2.600,22,820,0.1020,0.1008,0.1191,0.1000
_SO,10001427,50ETF沽3月2450,0.1167,0.0065,5.90%,473,544265,4834,2.450,141,-4,0.1102,0.1120,0.1195,0.1103
_SO,10001326,50ETF沽12月2700,0.2012,0.0112,5.89%,1378,2797952,4555,2.700,50,396,0.1900,0.1902,0.2132,0.1902
_SO,10001510,50ETF沽6月2350,0.1085,0.0060,5.85%,134,143363,2446,2.350,232,24,0.1025,0.1040,0.1105,0.1037
_SO,10001442,50ETF沽3月2200,0.0426,0.0023,5.71%,1040,436784,11977,2.200,141,324,0.0403,0.0423,0.0441,0.0402
_SO,10001486,50ETF沽11月2750,0.2176,0.0116,5.63%,2975,6535873,5666,2.750,22,-217,0.2060,0.2055,0.2308,0.2055
_SO,10001430,50ETF沽3月2600,0.1878,0.0099,5.56%,762,1425285,4581,2.600,141,116,0.1779,0.1799,0.1925,0.1783
_SO,10001511,50ETF沽6月2400,0.1267,0.0064,5.32%,356,446147,1986,2.400,232,64,0.1203,0.1217,0.1286,0.1217
_SO,10001429,50ETF沽3月2550,0.1612,0.0080,5.22%,686,1103263,3432,2.550,141,-167,0.1532,0.1532,0.1661,0.1530
_SO,10001324,50ETF沽12月2600,0.1374,0.0068,5.21%,4418,6086277,6167,2.600,50,-49,0.1306,0.1302,0.1456,0.1290
_SO,10001438,50ETF沽3月2300,0.0661,0.0032,5.09%,772,503544,3755,2.300,141,-211,0.0629,0.0630,0.0683,0.0624
_SO,10001327,50ETF沽12月2750,0.2377,0.0114,5.04%,460,1099145,3509,2.750,50,124,0.2263,0.2259,0.2481,0.2259
_SO,10001431,50ETF沽3月2650,0.2153,0.0101,4.92%,342,728194,1240,2.650,141,-10,0.2052,0.2075,0.2212,0.2059
_SO,10001512,50ETF沽6月2450,0.1468,0.0067,4.78%,179,260110,2244,2.450,232,16,0.1401,0.1396,0.1487,0.1396
_SO,10001496,50ETF沽11月2300,0.0093,0.0004,4.49%,20406,1986594,88165,2.300,22,2321,0.0089,0.0087,0.0106,0.0084
_SO,10001328,50ETF沽12月2800,0.2767,0.0117,4.42%,728,2020898,3628,2.800,50,157,0.2650,0.2662,0.2875,0.2646
_SO,10001370,50ETF沽12月2350,0.0364,0.0015,4.30%,4592,1692063,15928,2.350,50,243,0.0349,0.0350,0.0395,0.0347
_SO,10001432,50ETF沽3月2700,0.2445,0.0099,4.22%,187,456868,2401,2.700,141,104,0.2346,0.2387,0.2500,0.2355
_SO,10001433,50ETF沽3月2750,0.2772,0.0111,4.17%,100,275224,2080,2.750,141,44,0.2661,0.2668,0.2819,0.2665
_SO,10001513,50ETF沽6月2500,0.1682,0.0065,4.02%,266,446636,1631,2.500,232,56,0.1617,0.1647,0.1724,0.1630
_SO,10001488,50ETF沽11月2850,0.3042,0.0114,3.89%,2700,8283980,3511,2.850,22,325,0.2928,0.2938,0.3200,0.2934
_SO,10001487,50ETF沽11月2800,0.2584,0.0096,3.86%,2773,7248990,2490,2.800,22,331,0.2488,0.2501,0.2742,0.2480
_SO,10001495,50ETF沽11月2250,0.0054,0.0002,3.85%,12711,708985,56563,2.250,22,2577,0.0052,0.0054,0.0062,0.0047
_SO,10001515,50ETF沽6月2600,0.2187,0.0080,3.80%,583,1279621,1651,2.600,232,332,0.2107,0.2128,0.2231,0.2128
_SO,10001434,50ETF沽3月2800,0.3104,0.0108,3.60%,170,526662,3324,2.800,141,76,0.2996,0.3026,0.3188,0.3025
_SO,10001516,50ETF沽6月2650,0.2455,0.0081,3.41%,121,299020,964,2.650,232,22,0.2374,0.2381,0.2503,0.2381
_SO,10001470,50ETF沽3月2850,0.3443,0.0110,3.30%,248,857078,2735,2.850,141,125,0.3333,0.3404,0.3550,0.3360
_SO,10001517,50ETF沽6月2700,0.2748,0.0085,3.19%,24,65744,307,2.700,232,3,0.2663,0.2687,0.2756,0.2687
_SO,10001514,50ETF沽6月2550,0.1916,0.0059,3.18%,296,567793,1507,2.550,232,124,0.1857,0.1862,0.1960,0.1856
_SO,10001518,50ETF沽6月2750,0.3037,0.0092,3.12%,103,312315,817,2.750,232,-9,0.2945,0.2999,0.3106,0.2969
_SO,10001378,50ETF沽12月2300,0.0257,0.0007,2.80%,4123,1072929,13242,2.300,50,818,0.0250,0.0254,0.0275,0.0246
_SO,10001524,50ETF沽6月2800,0.3363,0.0091,2.78%,72,244275,221,2.800,232,12,0.3272,0.3347,0.3432,0.3330
_SO,10001329,50ETF沽12月2850,0.3145,0.0078,2.54%,493,1573520,2403,2.850,50,129,0.3067,0.3060,0.3287,0.3056
_SO,10001334,50ETF沽12月2950,0.4013,0.0073,1.85%,635,2578054,8469,2.950,50,-174,0.3940,0.3937,0.4162,0.3921
_SO,10001330,50ETF沽12月2900,0.3557,0.0061,1.74%,554,2007035,3129,2.900,50,60,0.3496,0.3548,0.3718,0.3546
_SO,10001425,50ETF购3月2800,0.1000,0.0017,1.73%,904,884537,11190,2.800,141,-123,0.0983,0.0991,0.1005,0.0937
_SO,10001384,50ETF沽12月2250,0.0177,0.0002,1.14%,4172,745293,16795,2.250,50,1052,0.0175,0.0177,0.0189,0.0166
_SO,10001523,50ETF购6月2800,0.1472,0.0015,1.03%,288,415045,867,2.800,232,156,0.1457,0.1467,0.1472,0.1402
_SO,10001469,50ETF购3月2850,0.0842,0.0006,0.72%,1098,917050,9661,2.850,141,274,0.0836,0.0850,0.0865,0.0804
_SO,10001509,50ETF购6月2750,0.1636,0.0009,0.55%,514,820838,2611,2.750,232,117,0.1627,0.1615,0.1641,0.1568
_SO,10001424,50ETF购3月2750,0.1150,0.0006,0.52%,582,656408,5222,2.750,141,14,0.1144,0.1141,0.1159,0.1084
_SO,10001320,50ETF购12月2850,0.0280,0.0001,0.36%,4289,1160778,26224,2.850,50,944,0.0279,0.0269,0.0288,0.0256
_SO,10001422,50ETF购3月2650,0.1529,0.0004,0.26%,852,1283372,4670,2.650,141,58,0.1525,0.1507,0.1540,0.1438
_SO,10001316,50ETF购12月2650,0.0792,0.0002,0.25%,4546,3491143,15717,2.650,50,264,0.0790,0.0788,0.0840,0.0725
_SO,10001508,50ETF购6月2700,0.1818,0.0000,0.00%,272,489645,974,2.700,232,212,0.1818,0.1803,0.1828,0.1748
_SO,10001477,50ETF购11月2750,0.0192,0.0000,0.00%,28360,5190786,64171,2.750,22,4191,0.0192,0.0187,0.0201,0.0170
_SO,10001318,50ETF购12月2750,0.0488,0.0000,0.00%,3985,1875192,19078,2.750,50,1051,0.0488,0.0477,0.0502,0.0447
_SO,10001506,50ETF购6月2600,0.2227,0.0000,0.00%,273,600858,1913,2.600,232,132,0.2227,0.2234,0.2242,0.2159
_SO,10001418,50ETF购3月2450,0.2532,-0.0004,-0.16%,382,932457,2947,2.450,141,97,0.2536,0.2551,0.2560,0.2399
_SO,10001421,50ETF购3月2600,0.1743,-0.0003,-0.17%,822,1407235,6693,2.600,141,106,0.1746,0.1733,0.1757,0.1650
_SO,10001505,50ETF购6月2550,0.2454,-0.0005,-0.20%,279,679166,1935,2.550,232,181,0.2459,0.2484,0.2484,0.2372
_SO,10001504,50ETF购6月2500,0.2722,-0.0006,-0.22%,209,561175,1941,2.500,232,37,0.2728,0.2744,0.2744,0.2625
_SO,10001420,50ETF购3月2550,0.1987,-0.0006,-0.30%,602,1169009,4617,2.550,141,23,0.1993,0.1940,0.2007,0.1871
_SO,10001317,50ETF购12月2700,0.0626,-0.0002,-0.32%,5211,3161192,24682,2.700,50,978,0.0628,0.0618,0.0650,0.0575
_SO,10001423,50ETF购3月2700,0.1322,-0.0005,-0.38%,968,1251598,5769,2.700,141,33,0.1327,0.1318,0.1342,0.1241
_SO,10001417,50ETF购3月2400,0.2835,-0.0012,-0.42%,166,460715,1501,2.400,141,10,0.2847,0.2856,0.2862,0.2709
_SO,10001419,50ETF购3月2500,0.2244,-0.0011,-0.49%,610,1340468,6493,2.500,141,233,0.2255,0.2254,0.2270,0.2130
_SO,10001319,50ETF购12月2800,0.0372,-0.0002,-0.53%,5349,1921295,17260,2.800,50,1293,0.0374,0.0366,0.0387,0.0340
_SO,10001437,50ETF购3月2300,0.3518,-0.0030,-0.85%,123,427838,3060,2.300,141,-44,0.3548,0.3495,0.3547,0.3373
_SO,10001507,50ETF购6月2650,0.1996,-0.0023,-1.14%,265,526338,1322,2.650,232,78,0.2019,0.1974,0.2028,0.1939
_SO,10001435,50ETF购3月2350,0.3145,-0.0038,-1.19%,232,719239,690,2.350,141,-70,0.3183,0.3157,0.3186,0.3028
_SO,10001314,50ETF购12月2550,0.1214,-0.0016,-1.30%,7056,8404348,15558,2.550,50,940,0.1230,0.1229,0.1265,0.1126
_SO,10001502,50ETF购6月2400,0.3243,-0.0050,-1.52%,51,165138,807,2.400,232,18,0.3293,0.3235,0.3264,0.3194
_SO,10001439,50ETF购3月2250,0.3850,-0.0066,-1.69%,120,459848,1255,2.250,141,-24,0.3916,0.3900,0.3912,0.3731
_SO,10001503,50ETF购6月2450,0.2956,-0.0053,-1.76%,104,306041,1632,2.450,232,42,0.3009,0.2961,0.2989,0.2922
_SO,10001521,50ETF购6月2250,0.4188,-0.0077,-1.81%,112,471097,289,2.250,232,13,0.4265,0.4281,0.4292,0.4153
_SO,10001501,50ETF购6月2350,0.3549,-0.0071,-1.96%,130,460821,1154,2.350,232,40,0.3620,0.3574,0.3617,0.3490
_SO,10001441,50ETF购3月2200,0.4270,-0.0090,-2.06%,267,1132123,5748,2.200,141,18,0.4360,0.4300,0.4308,0.4130
_SO,10001519,50ETF购6月2300,0.3873,-0.0082,-2.07%,54,209570,1442,2.300,232,-26,0.3955,0.3911,0.3928,0.3824
_SO,10001411,50ETF购12月2200,0.3726,-0.0085,-2.23%,716,2639260,3476,2.200,50,36,0.3811,0.3811,0.3811,0.3560
_SO,10001315,50ETF购12月2600,0.0986,-0.0023,-2.28%,6734,6506183,17967,2.600,50,1346,0.1009,0.1008,0.1030,0.0911
_SO,10001412,50ETF沽12月2200,0.0115,-0.0003,-2.54%,8494,1008728,38652,2.200,50,2067,0.0118,0.0120,0.0125,0.0108
_SO,10001359,50ETF购12月2400,0.2108,-0.0057,-2.63%,1075,2213075,4555,2.400,50,-326,0.2165,0.2178,0.2196,0.1977
_SO,10001321,50ETF购12月2900,0.0211,-0.0006,-2.76%,3743,758281,33465,2.900,50,678,0.0217,0.0206,0.0216,0.0191
_SO,10001369,50ETF购12月2350,0.2469,-0.0070,-2.76%,340,825647,5265,2.350,50,61,0.2539,0.2532,0.2571,0.2335
_SO,10001383,50ETF购12月2250,0.3277,-0.0093,-2.76%,364,1182694,1733,2.250,50,-65,0.3370,0.3387,0.3387,0.3122
_SO,10001499,50ETF购11月2200,0.3531,-0.0108,-2.97%,2321,8178922,3421,2.200,22,101,0.3639,0.3642,0.3650,0.3383
_SO,10001476,50ETF购11月2700,0.0291,-0.0009,-3.00%,37141,10490702,76399,2.700,22,-452,0.0300,0.0301,0.0310,0.0260
_SO,10001331,50ETF购12月2450,0.1773,-0.0056,-3.06%,1180,2066674,7156,2.450,50,-18,0.1829,0.1802,0.1852,0.1660
_SO,10001493,50ETF购11月2250,0.3079,-0.0103,-3.24%,1582,4821463,3686,2.250,22,79,0.3182,0.3167,0.3181,0.2913
_SO,10001313,50ETF购12月2500,0.1465,-0.0049,-3.24%,4823,6985588,12569,2.500,50,914,0.1514,0.1520,0.1538,0.1367
_SO,10001333,50ETF购12月2950,0.0147,-0.0005,-3.29%,7649,1131117,54374,2.950,50,593,0.0152,0.0154,0.0158,0.0139
_SO,10001377,50ETF购12月2300,0.2858,-0.0100,-3.38%,361,1022749,3848,2.300,50,-23,0.2958,0.2958,0.2963,0.2720
_SO,10001478,50ETF购11月2800,0.0112,-0.0004,-3.45%,20927,2327820,81001,2.800,22,4639,0.0116,0.0116,0.0122,0.0103
_SO,10001489,50ETF购11月2350,0.2190,-0.0081,-3.57%,3378,7293311,5677,2.350,22,171,0.2271,0.2260,0.2305,0.2038
_SO,10001494,50ETF购11月2300,0.2600,-0.0111,-4.09%,2269,5893540,4013,2.300,22,68,0.2711,0.2711,0.2727,0.2466
_SO,10001472,50ETF购11月2500,0.1096,-0.0049,-4.28%,46226,49969952,53526,2.500,22,2517,0.1145,0.1140,0.1172,0.1001
_SO,10001490,50ETF购11月2400,0.1776,-0.0083,-4.46%,11722,20607215,16018,2.400,22,-1157,0.1859,0.1861,0.1878,0.1644
_SO,10001475,50ETF购11月2650,0.0427,-0.0020,-4.47%,50663,21267295,96482,2.650,22,3473,0.0447,0.0460,0.0461,0.0387
_SO,10001473,50ETF购11月2550,0.0826,-0.0042,-4.84%,122490,99448834,93499,2.550,22,14569,0.0868,0.0870,0.0885,0.0751
_SO,10001471,50ETF购11月2450,0.1416,-0.0072,-4.84%,22242,31045669,31651,2.450,22,1363,0.1488,0.1476,0.1510,0.1300
_SO,10001474,50ETF购11月2600,0.0606,-0.0031,-4.87%,91503,54628707,120895,2.600,22,12491,0.0637,0.0647,0.0651,0.0550
_SO,10001479,50ETF购11月2850,0.0066,-0.0006,-8.33%,26062,1752998,128579,2.850,22,6014,0.0072,0.0071,0.0075,0.0061
_SO,10001500,50ETF沽11月2200,0.0031,-0.0003,-8.82%,15445,480510,61812,2.200,22,-1739,0.0034,0.0035,0.0037,0.0027