_SO,10001472,50ETF购11月2500,0.0713,0.0116,19.43%,160524,109625552,87708,2.500,9,-12553,0.0597,0.0627,0.0742,0.0609
_SO,10001471,50ETF购11月2450,0.1065,0.0164,18.20%,43655,44322597,34267,2.450,9,-6157,0.0901,0.0945,0.1093,0.0921
_SO,10001473,50ETF购11月2550,0.0442,0.0063,16.62%,143311,60764494,138833,2.550,9,-6999,0.0379,0.0388,0.0466,0.0380
_SO,10001490,50ETF购11月2400,0.1471,0.0206,16.28%,19007,26771266,18884,2.400,9,-1677,0.1265,0.1279,0.1488,0.1279
_SO,10001489,50ETF购11月2350,0.1937,0.0262,15.64%,7691,14271713,8755,2.350,9,-1522,0.1675,0.1737,0.1941,0.1701
_SO,10001474,50ETF购11月2600,0.0249,0.0032,14.75%,87760,20904628,141056,2.600,9,-10789,0.0217,0.0211,0.0270,0.0211
_SO,10001494,50ETF购11月2300,0.2404,0.0280,13.18%,4440,10346582,4109,2.300,9,-667,0.2124,0.2154,0.2424,0.2154
_SO,10001331,50ETF购12月2450,0.1500,0.0169,12.70%,5758,8303456,10169,2.450,37,-793,0.1331,0.1382,0.1522,0.1346
_SO,10001359,50ETF购12月2400,0.1850,0.0205,12.46%,2728,4844745,5587,2.400,37,-204,0.1645,0.1677,0.1864,0.1656
_SO,10001369,50ETF购12月2350,0.2237,0.0240,12.02%,1307,2804530,4685,2.350,37,-268,0.1997,0.2050,0.2248,0.2023
_SO,10001313,50ETF购12月2500,0.1190,0.0126,11.84%,34395,39590770,25538,2.500,37,-1132,0.1064,0.1086,0.1219,0.1065
_SO,10001315,50ETF购12月2600,0.0704,0.0074,11.75%,19821,13554983,36125,2.600,37,1100,0.0630,0.0636,0.0730,0.0628
_SO,10001377,50ETF购12月2300,0.2643,0.0267,11.24%,817,2099362,4611,2.300,37,-68,0.2376,0.2443,0.2664,0.2414
_SO,10001314,50ETF购12月2550,0.0920,0.0090,10.84%,15420,13810716,24433,2.550,37,554,0.0830,0.0831,0.0950,0.0831
_SO,10001493,50ETF购11月2250,0.2896,0.0276,10.53%,1662,4710103,4009,2.250,9,-179,0.2620,0.2595,0.2913,0.2595
_SO,10001383,50ETF购12月2250,0.3065,0.0278,9.97%,629,1879783,2277,2.250,37,-72,0.2787,0.2723,0.3078,0.2723
_SO,10001411,50ETF购12月2200,0.3550,0.0300,9.23%,1311,4523897,4817,2.200,37,-50,0.3250,0.3250,0.3550,0.3250
_SO,10001499,50ETF购11月2200,0.3389,0.0285,9.18%,3145,10401391,3596,2.200,9,-683,0.3104,0.3199,0.3408,0.3155
_SO,10001316,50ETF购12月2650,0.0511,0.0040,8.49%,11283,5749327,26295,2.650,37,-510,0.0471,0.0470,0.0545,0.0465
_SO,10001318,50ETF购12月2750,0.0263,0.0017,6.91%,7706,1990854,21993,2.750,37,-567,0.0246,0.0244,0.0280,0.0240
_SO,10001418,50ETF购3月2450,0.2285,0.0142,6.63%,274,611081,3743,2.450,128,-11,0.2143,0.2177,0.2285,0.2174
_SO,10001439,50ETF购3月2250,0.3646,0.0225,6.58%,231,821471,1253,2.250,128,53,0.3421,0.3502,0.3646,0.3470
_SO,10001417,50ETF购3月2400,0.2583,0.0154,6.34%,199,506054,1929,2.400,128,-79,0.2429,0.2476,0.2604,0.2466
_SO,10001420,50ETF购3月2550,0.1747,0.0103,6.27%,905,1543465,5318,2.550,128,228,0.1644,0.1677,0.1752,0.1662
_SO,10001419,50ETF购3月2500,0.2007,0.0118,6.25%,744,1462738,6005,2.500,128,-219,0.1889,0.1919,0.2014,0.1900
_SO,10001437,50ETF购3月2300,0.3273,0.0191,6.20%,721,2314162,2777,2.300,128,-416,0.3082,0.3133,0.3293,0.3133
_SO,10001441,50ETF购3月2200,0.4045,0.0233,6.11%,316,1256973,5850,2.200,128,-135,0.3812,0.3865,0.4060,0.3856
_SO,10001435,50ETF购3月2350,0.2908,0.0162,5.90%,169,483184,602,2.350,128,-53,0.2746,0.2793,0.2913,0.2781
_SO,10001317,50ETF购12月2700,0.0373,0.0020,5.67%,10270,3776742,31563,2.700,37,-953,0.0353,0.0352,0.0397,0.0340
_SO,10001503,50ETF购6月2450,0.2840,0.0139,5.15%,283,792862,2126,2.450,219,-12,0.2701,0.2697,0.2860,0.2697
_SO,10001421,50ETF购3月2600,0.1510,0.0072,5.01%,436,650301,7163,2.600,128,-51,0.1438,0.1475,0.1535,0.1448
_SO,10001521,50ETF购6月2250,0.4103,0.0189,4.83%,131,529951,624,2.250,219,-11,0.3914,0.3966,0.4118,0.3966
_SO,10001502,50ETF购6月2400,0.3110,0.0141,4.75%,161,495876,1090,2.400,219,24,0.2969,0.3038,0.3151,0.3022
_SO,10001519,50ETF购6月2300,0.3757,0.0166,4.62%,147,542732,2895,2.300,219,4,0.3591,0.3640,0.3772,0.3629
_SO,10001501,50ETF购6月2350,0.3423,0.0151,4.61%,299,1016296,1066,2.350,219,-21,0.3272,0.3319,0.3454,0.3319
_SO,10001422,50ETF购3月2650,0.1301,0.0056,4.50%,758,973173,5111,2.650,128,132,0.1245,0.1255,0.1319,0.1241
_SO,10001505,50ETF购6月2550,0.2320,0.0099,4.46%,295,673413,3374,2.550,219,-41,0.2221,0.2260,0.2349,0.2248
_SO,10001504,50ETF购6月2500,0.2564,0.0108,4.40%,243,616482,2424,2.500,219,-31,0.2456,0.2486,0.2622,0.2474
_SO,10001507,50ETF购6月2650,0.1875,0.0077,4.28%,184,343343,1804,2.650,219,29,0.1798,0.1863,0.1900,0.1817
_SO,10001425,50ETF购3月2800,0.0809,0.0033,4.25%,1102,878672,12999,2.800,128,194,0.0776,0.0796,0.0826,0.0767
_SO,10001469,50ETF购3月2850,0.0682,0.0027,4.12%,3056,2050653,15057,2.850,128,1849,0.0655,0.0604,0.0700,0.0604
_SO,10001423,50ETF购3月2700,0.1115,0.0041,3.82%,597,659235,6436,2.700,128,-28,0.1074,0.1082,0.1136,0.1071
_SO,10001506,50ETF购6月2600,0.2080,0.0073,3.64%,164,337640,3042,2.600,219,-3,0.2007,0.2041,0.2095,0.2023
_SO,10001509,50ETF购6月2750,0.1489,0.0052,3.62%,690,1028825,4147,2.750,219,-205,0.1437,0.1482,0.1528,0.1465
_SO,10001508,50ETF购6月2700,0.1678,0.0057,3.52%,405,675380,1656,2.700,219,-111,0.1621,0.1646,0.1715,0.1630
_SO,10001424,50ETF购3月2750,0.0951,0.0031,3.37%,556,522614,5496,2.750,128,-32,0.0920,0.0915,0.0970,0.0908
_SO,10001523,50ETF购6月2800,0.1320,0.0016,1.23%,1773,2347036,3131,2.800,219,500,0.1304,0.1329,0.1367,0.1299
_SO,10001319,50ETF购12月2800,0.0175,0.0001,0.57%,7806,1373822,29075,2.800,37,548,0.0174,0.0170,0.0192,0.0164
_SO,10001475,50ETF购11月2650,0.0119,0.0000,0.00%,44129,5274105,107567,2.650,9,-4126,0.0119,0.0110,0.0139,0.0107
_SO,10001320,50ETF购12月2850,0.0117,0.0000,0.00%,9852,1160624,34536,2.850,37,1072,0.0117,0.0121,0.0132,0.0110
_SO,10001476,50ETF购11月2700,0.0051,-0.0004,-7.27%,29479,1553456,91006,2.700,9,-2835,0.0055,0.0050,0.0069,0.0044
_SO,10001470,50ETF沽3月2850,0.3405,-0.0272,-7.40%,873,3034085,2888,2.850,128,91,0.3677,0.3621,0.3626,0.3400
_SO,10001517,50ETF沽6月2700,0.2701,-0.0219,-7.50%,266,726486,644,2.700,219,72,0.2920,0.2869,0.2869,0.2701
_SO,10001524,50ETF沽6月2800,0.3315,-0.0271,-7.56%,156,529838,405,2.800,219,14,0.3586,0.3524,0.3524,0.3315
_SO,10001518,50ETF沽6月2750,0.3002,-0.0252,-7.74%,84,257633,862,2.750,219,-6,0.3254,0.3166,0.3166,0.2989
_SO,10001433,50ETF沽3月2750,0.2695,-0.0256,-8.68%,98,276010,2239,2.750,128,5,0.2951,0.2932,0.2932,0.2695
_SO,10001516,50ETF沽6月2650,0.2389,-0.0231,-8.82%,220,542029,1240,2.650,219,38,0.2620,0.2573,0.2573,0.2386
_SO,10001334,50ETF沽12月2950,0.4036,-0.0394,-8.89%,594,2453124,8429,2.950,37,-6,0.4430,0.4264,0.4271,0.4036
_SO,10001434,50ETF沽3月2800,0.3026,-0.0297,-8.94%,290,901913,3436,2.800,128,33,0.3323,0.3248,0.3266,0.3021
_SO,10001514,50ETF沽6月2550,0.1853,-0.0190,-9.30%,254,492831,1984,2.550,219,13,0.2043,0.2070,0.2070,0.1850
_SO,10001329,50ETF沽12月2850,0.3112,-0.0319,-9.30%,391,1251431,2623,2.850,37,-31,0.3431,0.3480,0.3483,0.3098
_SO,10001515,50ETF沽6月2600,0.2111,-0.0217,-9.32%,150,327692,2351,2.600,219,6,0.2328,0.2284,0.2284,0.2109
_SO,10001330,50ETF沽12月2900,0.3554,-0.0376,-9.57%,519,1898447,2901,2.900,37,-168,0.3930,0.3794,0.3830,0.3554
_SO,10001488,50ETF沽11月2850,0.3095,-0.0335,-9.77%,1454,4662220,4378,2.850,9,-345,0.3430,0.3402,0.3402,0.3094
_SO,10001432,50ETF沽3月2700,0.2350,-0.0260,-9.96%,157,385764,2572,2.700,128,-5,0.2610,0.2582,0.2582,0.2350
_SO,10001512,50ETF沽6月2450,0.1400,-0.0155,-9.97%,162,237162,3125,2.450,219,-23,0.1555,0.1563,0.1563,0.1390
_SO,10001431,50ETF沽3月2650,0.2001,-0.0234,-10.47%,702,1499748,1598,2.650,128,158,0.2235,0.2266,0.2266,0.2001
_SO,10001513,50ETF沽6月2500,0.1604,-0.0190,-10.59%,247,413026,2406,2.500,219,7,0.1794,0.1785,0.1785,0.1604
_SO,10001328,50ETF沽12月2800,0.2669,-0.0319,-10.68%,976,2695355,3677,2.800,37,-173,0.2988,0.2934,0.2934,0.2658
_SO,10001430,50ETF沽3月2600,0.1750,-0.0210,-10.71%,564,1036467,4022,2.600,128,62,0.1960,0.1975,0.1975,0.1750
_SO,10001487,50ETF沽11月2800,0.2612,-0.0318,-10.85%,1726,4664941,1886,2.800,9,-388,0.2930,0.2908,0.2908,0.2594
_SO,10001321,50ETF购12月2900,0.0071,-0.0009,-11.25%,13745,1044886,39528,2.900,37,1591,0.0080,0.0080,0.0089,0.0068
_SO,10001511,50ETF沽6月2400,0.1196,-0.0152,-11.28%,325,404945,2276,2.400,219,80,0.1348,0.1347,0.1347,0.1189
_SO,10001477,50ETF购11月2750,0.0021,-0.0003,-12.50%,16901,373478,72606,2.750,9,-5448,0.0024,0.0024,0.0027,0.0018
_SO,10001429,50ETF沽3月2550,0.1481,-0.0216,-12.73%,511,802861,3162,2.550,128,196,0.1697,0.1700,0.1700,0.1481
_SO,10001510,50ETF沽6月2350,0.1003,-0.0148,-12.86%,292,305159,2502,2.350,219,-4,0.1151,0.1154,0.1154,0.1003
_SO,10001327,50ETF沽12月2750,0.2247,-0.0336,-13.01%,2282,5383643,3806,2.750,37,81,0.2583,0.2555,0.2555,0.2247
_SO,10001428,50ETF沽3月2500,0.1254,-0.0189,-13.10%,631,833484,3918,2.500,128,-,0.1443,0.1449,0.1449,0.1251
_SO,10001520,50ETF沽6月2300,0.0846,-0.0128,-13.14%,346,302726,2329,2.300,219,167,0.0974,0.0977,0.0977,0.0837
_SO,10001486,50ETF沽11月2750,0.2108,-0.0322,-13.25%,3558,7910647,4853,2.750,9,-1094,0.2430,0.2424,0.2424,0.2108
_SO,10001326,50ETF沽12月2700,0.1867,-0.0301,-13.88%,3020,5894925,6724,2.700,37,-974,0.2168,0.2108,0.2112,0.1862
_SO,10001479,50ETF购11月2850,0.0006,-0.0001,-14.29%,10181,68398,96657,2.850,9,-3473,0.0007,0.0007,0.0010,0.0004
_SO,10001522,50ETF沽6月2250,0.0701,-0.0117,-14.30%,1146,815400,5558,2.250,219,652,0.0818,0.0821,0.0821,0.0673
_SO,10001427,50ETF沽3月2450,0.1045,-0.0175,-14.34%,225,245740,4671,2.450,128,-1,0.1220,0.1224,0.1224,0.1045
_SO,10001325,50ETF沽12月2650,0.1524,-0.0273,-15.19%,4625,7381959,5897,2.650,37,-668,0.1797,0.1783,0.1783,0.1507
_SO,10001426,50ETF沽3月2400,0.0852,-0.0154,-15.31%,604,541906,5562,2.400,128,-336,0.1006,0.1010,0.1010,0.0852
_SO,10001485,50ETF沽11月2700,0.1642,-0.0310,-15.88%,5526,9596365,9673,2.700,9,-743,0.1952,0.1918,0.1925,0.1642
_SO,10001438,50ETF沽3月2300,0.0546,-0.0116,-17.52%,1085,638349,5055,2.300,128,491,0.0662,0.0675,0.0675,0.0546
_SO,10001324,50ETF沽12月2600,0.1204,-0.0256,-17.53%,11534,14684652,9682,2.600,37,-246,0.1460,0.1430,0.1430,0.1195
_SO,10001436,50ETF沽3月2350,0.0690,-0.0148,-17.66%,231,168466,3456,2.350,128,6,0.0838,0.0839,0.0839,0.0687
_SO,10001440,50ETF沽3月2250,0.0426,-0.0099,-18.86%,992,445127,10428,2.250,128,205,0.0525,0.0525,0.0525,0.0420
_SO,10001442,50ETF沽3月2200,0.0330,-0.0080,-19.51%,854,304213,13881,2.200,128,152,0.0410,0.0418,0.0418,0.0328
_SO,10001323,50ETF沽12月2550,0.0923,-0.0230,-19.95%,13916,13859242,18210,2.550,37,3706,0.1153,0.1104,0.1114,0.0920
_SO,10001484,50ETF沽11月2650,0.1209,-0.0315,-20.67%,12199,15973344,15286,2.650,9,-2148,0.1524,0.1453,0.1500,0.1209
_SO,10001322,50ETF沽12月2500,0.0693,-0.0197,-22.13%,28370,21551787,27902,2.500,37,5689,0.0890,0.0874,0.0884,0.0693
_SO,10001333,50ETF购12月2950,0.0044,-0.0013,-22.81%,10810,536362,57065,2.950,37,-1257,0.0057,0.0057,0.0059,0.0042
_SO,10001483,50ETF沽11月2600,0.0828,-0.0273,-24.80%,48030,44542385,44441,2.600,9,-3872,0.1101,0.1089,0.1089,0.0828
_SO,10001332,50ETF沽12月2450,0.0500,-0.0165,-24.81%,15329,8499226,19706,2.450,37,2933,0.0665,0.0666,0.0666,0.0453
_SO,10001360,50ETF沽12月2400,0.0350,-0.0130,-27.08%,10098,3917664,22671,2.400,37,2609,0.0480,0.0480,0.0480,0.0350
_SO,10001482,50ETF沽11月2550,0.0530,-0.0239,-31.08%,90988,55422279,65669,2.550,9,3428,0.0769,0.0731,0.0731,0.0530
_SO,10001370,50ETF沽12月2350,0.0229,-0.0104,-31.23%,13291,3482897,29017,2.350,37,-73,0.0333,0.0322,0.0322,0.0229
_SO,10001378,50ETF沽12月2300,0.0146,-0.0072,-33.03%,15714,2583225,29451,2.300,37,8027,0.0218,0.0210,0.0210,0.0145
_SO,10001384,50ETF沽12月2250,0.0090,-0.0045,-33.33%,12244,1273834,32054,2.250,37,3153,0.0135,0.0134,0.0134,0.0090
_SO,10001478,50ETF购11月2800,0.0008,-0.0004,-33.33%,9910,95900,62288,2.800,9,-5842,0.0012,0.0013,0.0013,0.0007
_SO,10001481,50ETF沽11月2500,0.0315,-0.0176,-35.85%,134972,50822132,98636,2.500,9,18819,0.0491,0.0460,0.0461,0.0314
_SO,10001412,50ETF沽12月2200,0.0055,-0.0031,-36.05%,13912,893260,58161,2.200,37,2612,0.0086,0.0090,0.0090,0.0054
_SO,10001480,50ETF沽11月2450,0.0170,-0.0115,-40.35%,75565,15850068,96732,2.450,9,12150,0.0285,0.0281,0.0281,0.0169
_SO,10001495,50ETF沽11月2250,0.0006,-0.0006,-50.00%,11580,115117,48989,2.250,9,-6512,0.0012,0.0011,0.0015,0.0006
_SO,10001496,50ETF沽11月2300,0.0015,-0.0016,-51.61%,26410,507087,84087,2.300,9,-11520,0.0031,0.0030,0.0030,0.0014
_SO,10001492,50ETF沽11月2400,0.0074,-0.0079,-51.63%,53876,5512643,87653,2.400,9,5163,0.0153,0.0150,0.0150,0.0074
_SO,10001491,50ETF沽11月2350,0.0035,-0.0038,-52.05%,41196,1844580,81681,2.350,9,-4406,0.0073,0.0070,0.0073,0.0032
_SO,10001500,50ETF沽11月2200,0.0003,-0.0004,-57.14%,4263,21455,62647,2.200,9,-1345,0.0007,0.0007,0.0007,0.0003