_SO,10001495,50ETF沽11月2250,0.0107,0.0017,18.89%,41437,6288040,48259,2.250,34,5729,0.0090,0.0150,0.0200,0.0092
_SO,10001496,50ETF沽11月2300,0.0169,0.0023,15.75%,58114,13581296,67008,2.300,34,10577,0.0146,0.0400,0.0480,0.0150
_SO,10001500,50ETF沽11月2200,0.0068,0.0009,15.25%,70556,6584783,40687,2.200,34,15181,0.0059,0.0104,0.0133,0.0056
_SO,10001412,50ETF沽12月2200,0.0153,0.0016,11.68%,10694,2140437,31707,2.200,62,638,0.0137,0.0182,0.0247,0.0149
_SO,10001479,50ETF购11月2850,0.0108,0.0009,9.09%,49949,4472613,90885,2.850,34,12402,0.0099,0.0069,0.0120,0.0054
_SO,10001442,50ETF沽3月2200,0.0428,0.0030,7.54%,1917,927704,9842,2.200,153,240,0.0398,0.0496,0.0529,0.0428
_SO,10001475,50ETF购11月2650,0.0480,0.0033,7.38%,86769,36137667,80055,2.650,34,842,0.0447,0.0296,0.0518,0.0280
_SO,10001384,50ETF沽12月2250,0.0219,0.0015,7.35%,6775,1961147,14794,2.250,62,837,0.0204,0.0279,0.0344,0.0212
_SO,10001370,50ETF沽12月2350,0.0428,0.0029,7.27%,6663,3453474,14222,2.350,62,317,0.0399,0.0508,0.0612,0.0413
_SO,10001378,50ETF沽12月2300,0.0313,0.0021,7.19%,7609,3028841,12938,2.300,62,705,0.0292,0.0369,0.0460,0.0301
_SO,10001440,50ETF沽3月2250,0.0541,0.0033,6.50%,630,377416,8452,2.250,153,48,0.0508,0.0559,0.0656,0.0541
_SO,10001474,50ETF购11月2600,0.0646,0.0035,5.73%,112070,63396904,82444,2.600,34,3694,0.0611,0.0415,0.0692,0.0401
_SO,10001491,50ETF沽11月2350,0.0247,0.0013,5.56%,80972,27804122,48835,2.350,34,5721,0.0234,0.0460,0.0481,0.0234
_SO,10001478,50ETF购11月2800,0.0157,0.0008,5.37%,39809,5243812,55794,2.800,34,9485,0.0149,0.0098,0.0180,0.0080
_SO,10001438,50ETF沽3月2300,0.0660,0.0033,5.26%,774,584575,3105,2.300,153,-99,0.0627,0.0717,0.0805,0.0660
_SO,10001472,50ETF购11月2500,0.1110,0.0054,5.11%,141249,137276499,49917,2.500,34,6396,0.1056,0.0800,0.1165,0.0762
_SO,10001315,50ETF购12月2600,0.0957,0.0045,4.93%,8856,7579577,13502,2.600,62,173,0.0912,0.0771,0.0990,0.0708
_SO,10001473,50ETF购11月2550,0.0853,0.0039,4.79%,134800,101588121,70712,2.550,34,9424,0.0814,0.0539,0.0908,0.0532
_SO,10001476,50ETF购11月2700,0.0335,0.0015,4.69%,61514,18109384,58087,2.700,34,2216,0.0320,0.0211,0.0371,0.0200
_SO,10001319,50ETF购12月2800,0.0377,0.0015,4.14%,4388,1419351,16329,2.800,62,809,0.0362,0.0299,0.0394,0.0250
_SO,10001316,50ETF购12月2650,0.0760,0.0030,4.11%,4930,3424629,13228,2.650,62,365,0.0730,0.0595,0.0806,0.0536
_SO,10001360,50ETF沽12月2400,0.0566,0.0022,4.04%,7248,5026788,10602,2.400,62,1484,0.0544,0.0684,0.0820,0.0557
_SO,10001424,50ETF购3月2750,0.1077,0.0041,3.96%,1051,1026313,4762,2.750,153,504,0.1036,0.0927,0.1097,0.0863
_SO,10001317,50ETF购12月2700,0.0610,0.0023,3.92%,6950,3781674,20070,2.700,62,1918,0.0587,0.0501,0.0637,0.0444
_SO,10001436,50ETF沽3月2350,0.0808,0.0030,3.86%,570,513630,3020,2.350,153,76,0.0778,0.0855,0.0980,0.0808
_SO,10001318,50ETF购12月2750,0.0478,0.0017,3.69%,4044,1730648,13482,2.750,62,-35,0.0461,0.0400,0.0504,0.0348
_SO,10001313,50ETF购12月2500,0.1432,0.0051,3.69%,11781,14978338,11370,2.500,62,768,0.1381,0.1151,0.1470,0.1088
_SO,10001332,50ETF沽12月2450,0.0742,0.0026,3.63%,6545,5866371,7341,2.450,62,395,0.0716,0.0888,0.1100,0.0734
_SO,10001421,50ETF购3月2600,0.1638,0.0057,3.61%,1744,2642709,5929,2.600,153,299,0.1581,0.1444,0.1661,0.1357
_SO,10001322,50ETF沽12月2500,0.0965,0.0033,3.54%,13086,14724640,10453,2.500,62,116,0.0932,0.1125,0.1271,0.0938
_SO,10001331,50ETF购12月2450,0.1714,0.0058,3.50%,3242,4958974,7511,2.450,62,457,0.1656,0.1370,0.1763,0.1328
_SO,10001471,50ETF购11月2450,0.1402,0.0047,3.47%,52358,64843587,29412,2.450,34,-193,0.1355,0.1005,0.1471,0.1000
_SO,10001492,50ETF沽11月2400,0.0365,0.0012,3.40%,134695,65422827,54550,2.400,34,7489,0.0353,0.0582,0.0623,0.0351
_SO,10001489,50ETF购11月2350,0.2144,0.0069,3.33%,19666,37039889,6711,2.350,34,-50,0.2075,0.1682,0.2199,0.1617
_SO,10001428,50ETF沽3月2500,0.1411,0.0045,3.29%,1367,2088073,3224,2.500,153,245,0.1366,0.1488,0.1641,0.1400
_SO,10001420,50ETF购3月2550,0.1878,0.0056,3.07%,1219,2096324,4668,2.550,153,184,0.1822,0.1668,0.1906,0.1541
_SO,10001422,50ETF购3月2650,0.1422,0.0042,3.04%,1374,1805903,4097,2.650,153,412,0.1380,0.1255,0.1448,0.1023
_SO,10001423,50ETF购3月2700,0.1238,0.0034,2.82%,1790,2018173,4799,2.700,153,475,0.1204,0.1081,0.1251,0.1000
_SO,10001417,50ETF购3月2400,0.2711,0.0072,2.73%,432,1080807,1828,2.400,153,-31,0.2639,0.2422,0.2711,0.2300
_SO,10001323,50ETF沽12月2550,0.1210,0.0032,2.72%,9721,13532902,6501,2.550,62,1965,0.1178,0.1398,0.1560,0.1180
_SO,10001477,50ETF购11月2750,0.0233,0.0006,2.64%,41762,8350249,49935,2.750,34,4605,0.0227,0.0139,0.0260,0.0109
_SO,10001314,50ETF购12月2550,0.1166,0.0030,2.64%,11338,11858142,12030,2.550,62,405,0.1136,0.0922,0.1216,0.0900
_SO,10001419,50ETF购3月2500,0.2121,0.0053,2.56%,1912,3739887,6434,2.500,153,148,0.2068,0.1905,0.2175,0.1760
_SO,10001429,50ETF沽3月2550,0.1646,0.0041,2.55%,1241,2212897,3203,2.550,153,250,0.1605,0.1750,0.1913,0.1619
_SO,10001427,50ETF沽3月2450,0.1171,0.0029,2.54%,641,816145,4510,2.450,153,82,0.1142,0.1240,0.1494,0.1169
_SO,10001418,50ETF购3月2450,0.2389,0.0058,2.49%,539,1182847,2781,2.450,153,120,0.2331,0.2188,0.2447,0.2025
_SO,10001439,50ETF购3月2250,0.3750,0.0086,2.35%,542,1905226,1480,2.250,153,-108,0.3664,0.3347,0.3799,0.3220
_SO,10001490,50ETF购11月2400,0.1733,0.0039,2.30%,35308,54446806,15836,2.400,34,1452,0.1694,0.1339,0.1815,0.1278
_SO,10001324,50ETF沽12月2600,0.1491,0.0033,2.26%,4982,8333852,4728,2.600,62,-46,0.1458,0.1724,0.1900,0.1453
_SO,10001425,50ETF购3月2800,0.0914,0.0020,2.24%,1551,1290108,10364,2.800,153,92,0.0894,0.0795,0.0946,0.0750
_SO,10001369,50ETF购12月2350,0.2394,0.0051,2.18%,2310,4993158,5620,2.350,62,296,0.2343,0.2004,0.2435,0.1914
_SO,10001431,50ETF沽3月2650,0.2202,0.0046,2.13%,586,1390935,1463,2.650,153,166,0.2156,0.2334,0.2512,0.2194
_SO,10001494,50ETF购11月2300,0.2537,0.0050,2.01%,5467,12423582,3682,2.300,34,-14,0.2487,0.2062,0.2603,0.2000
_SO,10001502,50ETF购6月2400,0.3236,0.0062,1.95%,387,1150267,106,2.400,244,106,0.3174,0.2912,0.3236,0.2870
_SO,10001377,50ETF购12月2300,0.2778,0.0053,1.94%,1214,3068490,4806,2.300,62,-21,0.2725,0.2349,0.2813,0.2319
_SO,10001430,50ETF沽3月2600,0.1905,0.0036,1.93%,2755,5735716,3886,2.600,153,-293,0.1869,0.2029,0.2204,0.1886
_SO,10001359,50ETF购12月2400,0.2035,0.0038,1.90%,3126,5620827,5095,2.400,62,74,0.1997,0.1683,0.2072,0.1517
_SO,10001503,50ETF购6月2450,0.2925,0.0052,1.81%,709,1921652,460,2.450,244,460,0.2873,0.2679,0.2933,0.2600
_SO,10001441,50ETF购3月2200,0.4141,0.0072,1.77%,615,2376201,5113,2.200,153,108,0.4069,0.3716,0.4141,0.3603
_SO,10001320,50ETF购12月2850,0.0291,0.0005,1.75%,5795,1462109,19955,2.850,62,1079,0.0286,0.0249,0.0305,0.0200
_SO,10001437,50ETF购3月2300,0.3363,0.0056,1.69%,2578,7976518,3792,2.300,153,1140,0.3307,0.3021,0.3363,0.2930
_SO,10001469,50ETF购3月2850,0.0786,0.0013,1.68%,2155,1524738,11088,2.850,153,492,0.0773,0.0710,0.0807,0.0642
_SO,10001480,50ETF沽11月2450,0.0523,0.0008,1.55%,141810,95518396,53529,2.450,34,11042,0.0515,0.0811,0.0830,0.0508
_SO,10001411,50ETF购12月2200,0.3599,0.0044,1.24%,1291,4308488,3275,2.200,62,136,0.3555,0.3120,0.3644,0.3055
_SO,10001383,50ETF购12月2250,0.3177,0.0039,1.24%,825,2394746,1634,2.250,62,101,0.3138,0.2756,0.3234,0.2690
_SO,10001325,50ETF沽12月2650,0.1795,0.0020,1.13%,2363,4825576,4925,2.650,62,247,0.1775,0.2049,0.2246,0.1768
_SO,10001426,50ETF沽3月2400,0.0960,0.0010,1.05%,806,875092,5364,2.400,153,199,0.0950,0.1036,0.1171,0.0960
_SO,10001506,50ETF购6月2600,0.2145,0.0020,0.94%,475,953245,213,2.600,244,213,0.2125,0.1956,0.2152,0.1889
_SO,10001499,50ETF购11月2200,0.3428,0.0028,0.82%,6162,19406002,2446,2.200,34,502,0.3400,0.3010,0.3507,0.2810
_SO,10001470,50ETF沽3月2850,0.3539,0.0028,0.80%,520,1962221,1554,2.850,153,157,0.3511,0.3603,0.4000,0.3539
_SO,10001507,50ETF购6月2650,0.1930,0.0012,0.63%,388,692338,221,2.650,244,221,0.1918,0.1760,0.1930,0.1703
_SO,10001333,50ETF购12月2950,0.0164,0.0001,0.61%,13048,2012638,45827,2.950,62,237,0.0163,0.0149,0.0177,0.0127
_SO,10001481,50ETF沽11月2500,0.0717,0.0004,0.56%,159261,141595870,46754,2.500,34,6366,0.0713,0.1200,0.1222,0.0704
_SO,10001432,50ETF沽3月2700,0.2476,0.0012,0.49%,470,1264490,2129,2.700,153,245,0.2464,0.2642,0.2844,0.2476
_SO,10001328,50ETF沽12月2800,0.2910,0.0014,0.48%,1290,4114786,4523,2.800,62,175,0.2896,0.3232,0.3413,0.2854
_SO,10001435,50ETF购3月2350,0.2975,0.0010,0.34%,380,1073350,1937,2.350,153,-9,0.2965,0.2721,0.3066,0.2671
_SO,10001327,50ETF沽12月2750,0.2509,0.0008,0.32%,2161,6040912,3866,2.750,62,1,0.2501,0.2850,0.2994,0.2481
_SO,10001501,50ETF购6月2350,0.3500,0.0011,0.32%,759,2489808,210,2.350,244,210,0.3489,0.3201,0.3500,0.3182
_SO,10001509,50ETF购6月2750,0.1553,0.0005,0.32%,954,1371472,563,2.750,244,563,0.1548,0.1416,0.1581,0.1340
_SO,10001482,50ETF沽11月2550,0.0966,0.0003,0.31%,75681,88197409,48076,2.550,34,-3511,0.0963,0.1349,0.1367,0.0937
_SO,10001517,50ETF沽6月2700,0.2759,0.0007,0.25%,83,241167,51,2.700,244,51,0.2752,0.2979,0.2979,0.2758
_SO,10001493,50ETF购11月2250,0.2930,0.0007,0.24%,6054,16466347,3088,2.250,34,426,0.2923,0.2612,0.3053,0.2386
_SO,10001505,50ETF购6月2550,0.2375,0.0002,0.08%,1180,2629489,514,2.550,244,514,0.2373,0.2178,0.2395,0.1886
_SO,10001329,50ETF沽12月2850,0.3313,0.0001,0.03%,1276,4649040,3000,2.850,62,251,0.3312,0.3675,0.3801,0.3284
_SO,10001326,50ETF沽12月2700,0.2139,0.0000,0.00%,1623,3908248,4905,2.700,62,-83,0.2139,0.2399,0.4664,0.2133
_SO,10001321,50ETF购12月2900,0.0224,0.0000,0.00%,7041,1402001,29020,2.900,62,-510,0.0224,0.0195,0.0230,0.0155
_SO,10001330,50ETF沽12月2900,0.3743,-0.0007,-0.19%,750,3058142,3086,2.900,62,36,0.3750,0.4135,0.4258,0.3722
_SO,10001433,50ETF沽3月2750,0.2783,-0.0007,-0.25%,484,1462692,1756,2.750,153,30,0.2790,0.3032,0.3203,0.2783
_SO,10001483,50ETF沽11月2600,0.1250,-0.0005,-0.40%,32289,48191400,35082,2.600,34,-1812,0.1255,0.1716,0.1722,0.1216
_SO,10001512,50ETF沽6月2450,0.1463,-0.0009,-0.61%,645,992720,322,2.450,244,322,0.1472,0.1578,0.1648,0.1420
_SO,10001508,50ETF购6月2700,0.1723,-0.0011,-0.63%,291,467178,132,2.700,244,132,0.1734,0.1590,0.1730,0.1523
_SO,10001518,50ETF沽6月2750,0.3035,-0.0021,-0.69%,243,778353,121,2.750,244,121,0.3056,0.3307,0.3308,0.3020
_SO,10001484,50ETF沽11月2650,0.1577,-0.0012,-0.76%,13052,23826519,18612,2.650,34,-306,0.1589,0.1964,0.2080,0.1538
_SO,10001504,50ETF购6月2500,0.2597,-0.0020,-0.76%,1035,2550690,591,2.500,244,591,0.2617,0.2419,0.2679,0.2191
_SO,10001434,50ETF沽3月2800,0.3123,-0.0026,-0.83%,2877,9878329,3035,2.800,153,-614,0.3149,0.3373,0.3582,0.3123
_SO,10001516,50ETF沽6月2650,0.2440,-0.0023,-0.93%,313,809536,175,2.650,244,175,0.2463,0.2577,0.2666,0.2414
_SO,10001486,50ETF沽11月2750,0.2339,-0.0031,-1.31%,5549,14396438,8176,2.750,34,-775,0.2370,0.2763,0.2902,0.2281
_SO,10001514,50ETF沽6月2550,0.1907,-0.0027,-1.40%,703,1405272,402,2.550,244,402,0.1934,0.2021,0.2109,0.1870
_SO,10001488,50ETF沽11月2850,0.3204,-0.0048,-1.48%,3768,13316700,2737,2.850,34,-173,0.3252,0.3624,0.3834,0.3147
_SO,10001511,50ETF沽6月2400,0.1253,-0.0019,-1.49%,315,422488,162,2.400,244,162,0.1272,0.1372,0.1426,0.1224
_SO,10001487,50ETF沽11月2800,0.2748,-0.0042,-1.51%,4546,13850140,3476,2.800,34,-458,0.2790,0.3138,0.3387,0.2700
_SO,10001334,50ETF沽12月2950,0.4178,-0.0072,-1.69%,880,3977516,8676,2.950,62,15,0.4250,0.4525,0.4750,0.4141
_SO,10001485,50ETF沽11月2700,0.1930,-0.0039,-1.98%,7528,16753549,12254,2.700,34,-344,0.1969,0.2340,0.2480,0.1901
_SO,10001515,50ETF沽6月2600,0.2136,-0.0053,-2.42%,315,722633,162,2.600,244,162,0.2189,0.2301,0.2380,0.2136
_SO,10001510,50ETF沽6月2350,0.1060,-0.0028,-2.57%,1193,1344412,776,2.350,244,776,0.1088,0.1177,0.1213,0.1045
_SO,10001513,50ETF沽6月2500,0.1654,-0.0045,-2.65%,567,988972,314,2.500,244,314,0.1699,0.1783,0.1853,0.1640