_SO,10001477,50ETF购11月2750,0.0002,0.0001,100.00%,1749,2549,48608,2.750,0,-1152,0.0001,0.0001,0.0002,0.0001
_SO,10001490,50ETF购11月2400,0.0630,0.0203,47.54%,56563,32018678,3771,2.400,0,-12711,0.0427,0.0427,0.0692,0.0419
_SO,10001489,50ETF购11月2350,0.1118,0.0228,25.62%,11202,11822076,1413,2.350,0,-3982,0.0890,0.0910,0.1196,0.0250
_SO,10001313,50ETF购12月2500,0.0550,0.0082,17.52%,94165,49885293,97160,2.500,28,629,0.0468,0.0468,0.0577,0.0460
_SO,10001331,50ETF购12月2450,0.0794,0.0115,16.94%,85050,65278287,57817,2.450,28,3982,0.0679,0.0679,0.0831,0.0678
_SO,10001314,50ETF购12月2550,0.0368,0.0053,16.83%,49308,17343926,66289,2.550,28,-1436,0.0315,0.0320,0.0385,0.0308
_SO,10001369,50ETF购12月2350,0.1465,0.0198,15.63%,15084,21452928,10641,2.350,28,-618,0.1267,0.1267,0.1525,0.1250
_SO,10001359,50ETF购12月2400,0.1101,0.0147,15.41%,32909,35093523,18812,2.400,28,372,0.0954,0.0954,0.1148,0.0954
_SO,10001315,50ETF购12月2600,0.0230,0.0030,15.00%,46614,10227567,71077,2.600,28,5547,0.0200,0.0196,0.0240,0.0190
_SO,10001318,50ETF购12月2750,0.0048,0.0006,14.29%,12049,547985,33269,2.750,28,-144,0.0042,0.0045,0.0051,0.0038
_SO,10001494,50ETF购11月2300,0.1588,0.0198,14.24%,5595,8725553,1135,2.300,0,-2682,0.1390,0.1359,0.1687,0.1359
_SO,10001493,50ETF购11月2250,0.2147,0.0257,13.60%,4330,8673795,1145,2.250,0,-1431,0.1890,0.1870,0.2185,0.1860
_SO,10001317,50ETF购12月2700,0.0079,0.0009,12.86%,16566,1251794,74361,2.700,28,3450,0.0070,0.0073,0.0086,0.0066
_SO,10001377,50ETF购12月2300,0.1877,0.0213,12.80%,10985,20039643,13739,2.300,28,796,0.1664,0.1655,0.1932,0.1655
_SO,10001316,50ETF购12月2650,0.0137,0.0015,12.30%,29353,3866612,52928,2.650,28,5290,0.0122,0.0120,0.0146,0.0114
_SO,10001383,50ETF购12月2250,0.2322,0.0247,11.90%,2849,6416816,3626,2.250,28,195,0.2075,0.2005,0.2380,0.2005
_SO,10001319,50ETF购12月2800,0.0031,0.0003,10.71%,7345,214817,31343,2.800,28,963,0.0028,0.0030,0.0037,0.0025
_SO,10001320,50ETF购12月2850,0.0021,0.0002,10.53%,4680,92633,34931,2.850,28,867,0.0019,0.0018,0.0023,0.0017
_SO,10001411,50ETF购12月2200,0.2779,0.0243,9.58%,4618,12638796,9834,2.200,28,309,0.2536,0.2540,0.2850,0.2540
_SO,10001499,50ETF购11月2200,0.2617,0.0227,9.50%,3786,9593411,1190,2.200,0,-688,0.2390,0.2379,0.2694,0.2350
_SO,10001321,50ETF购12月2900,0.0015,0.0001,7.14%,3144,50450,35535,2.900,28,778,0.0014,0.0013,0.0017,0.0013
_SO,10001418,50ETF购3月2450,0.1552,0.0101,6.96%,897,1373167,5297,2.450,119,69,0.1451,0.1507,0.1575,0.1454
_SO,10001437,50ETF购3月2300,0.2482,0.0157,6.75%,301,733925,1568,2.300,119,89,0.2325,0.2351,0.2522,0.2344
_SO,10001417,50ETF购3月2400,0.1834,0.0114,6.63%,449,807574,2894,2.400,119,43,0.1720,0.1797,0.1874,0.1728
_SO,10001441,50ETF购3月2200,0.3258,0.0198,6.47%,454,1455671,6553,2.200,119,158,0.3060,0.3090,0.3296,0.3090
_SO,10001435,50ETF购3月2350,0.2135,0.0127,6.32%,184,386379,837,2.350,119,87,0.2008,0.2032,0.2178,0.2032
_SO,10001420,50ETF购3月2550,0.1073,0.0058,5.71%,1183,1265523,6311,2.550,119,143,0.1015,0.1040,0.1107,0.1023
_SO,10001419,50ETF购3月2500,0.1301,0.0068,5.52%,2473,3179482,8870,2.500,119,501,0.1233,0.1243,0.1331,0.1215
_SO,10001439,50ETF购3月2250,0.2830,0.0147,5.48%,118,334199,1597,2.250,119,37,0.2683,0.2709,0.2887,0.2709
_SO,10001421,50ETF购3月2600,0.0885,0.0038,4.49%,1779,1561741,7592,2.600,119,349,0.0847,0.0862,0.0916,0.0839
_SO,10001502,50ETF购6月2400,0.2396,0.0096,4.17%,23,54748,1095,2.400,210,-,0.2300,0.2327,0.2400,0.2303
_SO,10001422,50ETF购3月2650,0.0725,0.0029,4.17%,1290,925081,6214,2.650,119,82,0.0696,0.0708,0.0751,0.0691
_SO,10001501,50ETF购6月2350,0.2655,0.0082,3.19%,671,1796898,653,2.350,210,-410,0.2573,0.2626,0.2726,0.2591
_SO,10001521,50ETF购6月2250,0.3299,0.0098,3.06%,278,921063,969,2.250,210,130,0.3201,0.3244,0.3395,0.3243
_SO,10001519,50ETF购6月2300,0.2960,0.0083,2.88%,96,282948,2961,2.300,210,52,0.2877,0.2944,0.3032,0.2908
_SO,10001503,50ETF购6月2450,0.2084,0.0057,2.81%,147,306354,2469,2.450,210,19,0.2027,0.2027,0.2149,0.2027
_SO,10001471,50ETF购11月2450,0.0115,0.0003,2.68%,183650,26586316,10124,2.450,0,-45522,0.0112,0.0104,0.0245,0.0084
_SO,10001423,50ETF购3月2700,0.0577,0.0012,2.12%,2227,1284034,7692,2.700,119,687,0.0565,0.0577,0.0607,0.0560
_SO,10001424,50ETF购3月2750,0.0466,0.0009,1.97%,1256,585279,6024,2.750,119,160,0.0457,0.0466,0.0488,0.0442
_SO,10001506,50ETF购6月2600,0.1410,0.0026,1.88%,130,184109,2433,2.600,210,11,0.1384,0.1419,0.1456,0.1390
_SO,10001505,50ETF购6月2550,0.1614,0.0028,1.77%,342,552797,3241,2.550,210,-191,0.1586,0.1608,0.1668,0.1592
_SO,10001504,50ETF购6月2500,0.1831,0.0029,1.61%,351,647140,3283,2.500,210,81,0.1802,0.1838,0.1890,0.1791
_SO,10001508,50ETF购6月2700,0.1059,0.0004,0.38%,814,871255,2210,2.700,210,254,0.1055,0.1076,0.1100,0.1039
_SO,10001495,50ETF沽11月2250,0.0001,0.0000,0.00%,129,129,37201,2.250,0,-77,0.0001,0.0001,0.0001,0.0001
_SO,10001425,50ETF购3月2800,0.0371,0.0000,0.00%,2295,857107,13757,2.800,119,-353,0.0371,0.0404,0.0404,0.0354
_SO,10001333,50ETF购12月2950,0.0014,0.0000,0.00%,10225,150575,63059,2.950,28,3036,0.0014,0.0014,0.0017,0.0009
_SO,10001478,50ETF购11月2800,0.0001,0.0000,0.00%,584,584,52180,2.800,0,-374,0.0001,0.0001,0.0001,0.0001
_SO,10001475,50ETF购11月2650,0.0001,0.0000,0.00%,7047,7048,69405,2.650,0,-1581,0.0001,0.0001,0.0002,0.0001
_SO,10001479,50ETF购11月2850,0.0001,0.0000,0.00%,466,466,82781,2.850,0,-408,0.0001,0.0001,0.0001,0.0001
_SO,10001500,50ETF沽11月2200,0.0001,0.0000,0.00%,1184,1184,53878,2.200,0,-801,0.0001,0.0001,0.0001,0.0001
_SO,10001476,50ETF购11月2700,0.0001,0.0000,0.00%,1929,1929,57407,2.700,0,-843,0.0001,0.0001,0.0001,0.0001
_SO,10001509,50ETF购6月2750,0.0911,-0.0003,-0.33%,562,523621,3880,2.750,210,-33,0.0914,0.0926,0.0954,0.0900
_SO,10001507,50ETF购6月2650,0.1208,-0.0009,-0.74%,121,148936,1783,2.650,210,41,0.1217,0.1247,0.1268,0.1208
_SO,10001523,50ETF购6月2800,0.0777,-0.0011,-1.40%,864,688674,3937,2.800,210,125,0.0788,0.0790,0.0819,0.0771
_SO,10001469,50ETF购3月2850,0.0288,-0.0008,-2.70%,3702,1079289,17338,2.850,119,889,0.0296,0.0285,0.0313,0.0278
_SO,10001524,50ETF沽6月2800,0.3494,-0.0212,-5.72%,229,797896,2304,2.800,210,13,0.3706,0.3617,0.3625,0.3398
_SO,10001488,50ETF沽11月2850,0.3825,-0.0295,-7.16%,2048,8015679,1840,2.850,0,-1254,0.4120,0.4091,0.4091,0.3802
_SO,10001334,50ETF沽12月2950,0.4735,-0.0375,-7.34%,2235,10724487,8513,2.950,28,-291,0.5110,0.4945,0.4978,0.4670
_SO,10001486,50ETF沽11月2750,0.2890,-0.0232,-7.43%,2055,6105903,709,2.750,0,-1129,0.3122,0.3104,0.3104,0.2805
_SO,10001330,50ETF沽12月2900,0.4264,-0.0346,-7.51%,387,1676367,3034,2.900,28,111,0.4610,0.4484,0.4484,0.4189
_SO,10001518,50ETF沽6月2750,0.3094,-0.0252,-7.53%,96,298885,709,2.750,210,10,0.3346,0.3300,0.3300,0.3046
_SO,10001517,50ETF沽6月2700,0.2768,-0.0227,-7.58%,66,184736,636,2.700,210,21,0.2995,0.2920,0.2937,0.2728
_SO,10001434,50ETF沽3月2800,0.3346,-0.0281,-7.75%,962,3282755,5551,2.800,119,473,0.3627,0.3516,0.3547,0.3297
_SO,10001487,50ETF沽11月2800,0.3339,-0.0288,-7.94%,1362,4696001,463,2.800,0,-729,0.3627,0.3550,0.3595,0.3299
_SO,10001516,50ETF沽6月2650,0.2445,-0.0218,-8.19%,104,259860,1478,2.650,210,22,0.2663,0.2623,0.2623,0.2392
_SO,10001433,50ETF沽3月2750,0.2923,-0.0262,-8.23%,234,694575,2173,2.750,119,12,0.3185,0.3116,0.3136,0.2900
_SO,10001432,50ETF沽3月2700,0.2548,-0.0255,-9.10%,96,248767,2452,2.700,119,-1,0.2803,0.2710,0.2716,0.2516
_SO,10001470,50ETF沽3月2850,0.3744,-0.0376,-9.13%,876,3338349,4971,2.850,119,500,0.4120,0.3950,0.3952,0.3711
_SO,10001515,50ETF沽6月2600,0.2133,-0.0215,-9.16%,341,748240,2398,2.600,210,20,0.2348,0.2297,0.2301,0.2107
_SO,10001329,50ETF沽12月2850,0.3738,-0.0382,-9.27%,542,2069421,3042,2.850,28,71,0.4120,0.3960,0.3985,0.3682
_SO,10001514,50ETF沽6月2550,0.1854,-0.0200,-9.74%,349,646785,2114,2.550,210,-2,0.2054,0.2000,0.2000,0.1813
_SO,10001431,50ETF沽3月2650,0.2187,-0.0246,-10.11%,370,847895,1641,2.650,119,29,0.2433,0.2372,0.2374,0.2164
_SO,10001485,50ETF沽11月2700,0.2340,-0.0273,-10.45%,4210,10214464,593,2.700,0,-2496,0.2613,0.2562,0.2605,0.2301
_SO,10001328,50ETF沽12月2800,0.3241,-0.0386,-10.64%,1098,3628352,3854,2.800,28,112,0.3627,0.3483,0.3488,0.3194
_SO,10001430,50ETF沽3月2600,0.1854,-0.0235,-11.25%,1026,1959613,3985,2.600,119,-23,0.2089,0.2058,0.2058,0.1839
_SO,10001513,50ETF沽6月2500,0.1578,-0.0205,-11.50%,518,838732,2757,2.500,210,-17,0.1783,0.1724,0.1732,0.1548
_SO,10001327,50ETF沽12月2750,0.2760,-0.0362,-11.60%,1744,4937489,5008,2.750,28,182,0.3122,0.3000,0.3005,0.2714
_SO,10001326,50ETF沽12月2700,0.2305,-0.0308,-11.79%,5765,13701987,10405,2.700,28,-431,0.2613,0.2525,0.2558,0.2250
_SO,10001325,50ETF沽12月2650,0.1867,-0.0257,-12.10%,7033,13472802,9702,2.650,28,1412,0.2124,0.2124,0.2124,0.1810
_SO,10001429,50ETF沽3月2550,0.1553,-0.0214,-12.11%,523,836180,3033,2.550,119,-82,0.1767,0.1723,0.1723,0.1549
_SO,10001428,50ETF沽3月2500,0.1288,-0.0181,-12.32%,1483,1960947,4879,2.500,119,243,0.1469,0.1457,0.1457,0.1268
_SO,10001512,50ETF沽6月2450,0.1332,-0.0191,-12.54%,1284,1728867,3600,2.450,210,-105,0.1523,0.1473,0.1478,0.1308
_SO,10001484,50ETF沽11月2650,0.1835,-0.0289,-13.61%,6625,12897991,804,2.650,0,-4710,0.2124,0.2100,0.2100,0.1800
_SO,10001511,50ETF沽6月2400,0.1114,-0.0177,-13.71%,778,879201,5535,2.400,210,276,0.1291,0.1250,0.1250,0.1094
_SO,10001427,50ETF沽3月2450,0.1037,-0.0176,-14.51%,1135,1220139,5050,2.450,119,150,0.1213,0.1159,0.1178,0.1026
_SO,10001324,50ETF沽12月2600,0.1449,-0.0250,-14.71%,17133,25709356,21226,2.600,28,1919,0.1699,0.1710,0.1710,0.1404
_SO,10001510,50ETF沽6月2350,0.0916,-0.0159,-14.79%,856,808371,3040,2.350,210,106,0.1075,0.1043,0.1043,0.0892
_SO,10001426,50ETF沽3月2400,0.0829,-0.0151,-15.41%,1548,1310371,6224,2.400,119,-14,0.0980,0.1000,0.1000,0.0808
_SO,10001520,50ETF沽6月2300,0.0746,-0.0138,-15.61%,998,757633,3345,2.300,210,636,0.0884,0.0853,0.0853,0.0723
_SO,10001436,50ETF沽3月2350,0.0648,-0.0125,-16.17%,1626,1094367,3827,2.350,119,-682,0.0773,0.0760,0.0762,0.0633
_SO,10001323,50ETF沽12月2550,0.1098,-0.0216,-16.44%,32435,36952831,34814,2.550,28,2390,0.1314,0.1330,0.1330,0.1042
_SO,10001522,50ETF沽6月2250,0.0597,-0.0121,-16.85%,1083,679367,7258,2.250,210,34,0.0718,0.0719,0.0719,0.0580
_SO,10001483,50ETF沽11月2600,0.1332,-0.0288,-17.78%,15295,21715154,2585,2.600,0,-11346,0.1620,0.1635,0.1635,0.1300
_SO,10001438,50ETF沽3月2300,0.0486,-0.0107,-18.04%,1093,573893,7282,2.300,119,87,0.0593,0.0593,0.0593,0.0482
_SO,10001440,50ETF沽3月2250,0.0363,-0.0088,-19.51%,2306,887495,13507,2.250,119,214,0.0451,0.0434,0.0434,0.0353
_SO,10001322,50ETF沽12月2500,0.0786,-0.0196,-19.96%,70583,58246642,58500,2.500,28,9618,0.0982,0.0951,0.0963,0.0741
_SO,10001332,50ETF沽12月2450,0.0536,-0.0163,-23.32%,85868,49171246,69482,2.450,28,16711,0.0699,0.0699,0.0699,0.0506
_SO,10001482,50ETF沽11月2550,0.0840,-0.0286,-25.40%,24048,22456064,2592,2.550,0,-14169,0.1126,0.1126,0.1126,0.0802
_SO,10001442,50ETF沽3月2200,0.0259,-0.0095,-26.84%,5624,1586114,22145,2.200,119,532,0.0354,0.0321,0.0325,0.0252
_SO,10001360,50ETF沽12月2400,0.0343,-0.0129,-27.33%,56002,20886941,50181,2.400,28,8866,0.0472,0.0472,0.0478,0.0323
_SO,10001370,50ETF沽12月2350,0.0200,-0.0091,-31.27%,41761,9385664,62139,2.350,28,1568,0.0291,0.0290,0.0290,0.0187
_SO,10001378,50ETF沽12月2300,0.0110,-0.0061,-35.67%,34547,4341858,57574,2.300,28,3071,0.0171,0.0176,0.0176,0.0105
_SO,10001384,50ETF沽12月2250,0.0059,-0.0036,-37.89%,17606,1191400,52661,2.250,28,-1188,0.0095,0.0097,0.0097,0.0054
_SO,10001412,50ETF沽12月2200,0.0032,-0.0020,-38.46%,17753,644202,65541,2.200,28,836,0.0052,0.0051,0.0051,0.0027
_SO,10001481,50ETF沽11月2500,0.0345,-0.0290,-45.67%,60823,25949271,4973,2.500,0,-16282,0.0635,0.0604,0.0618,0.0310
_SO,10001496,50ETF沽11月2300,0.0001,-0.0001,-50.00%,676,730,44029,2.300,0,-333,0.0002,0.0001,0.0002,0.0001
_SO,10001474,50ETF购11月2600,0.0001,-0.0001,-50.00%,14412,19385,86498,2.600,0,-7025,0.0002,0.0001,0.0003,0.0001
_SO,10001473,50ETF购11月2550,0.0001,-0.0003,-75.00%,28578,75735,103528,2.550,0,-12116,0.0004,0.0004,0.0005,0.0001
_SO,10001491,50ETF沽11月2350,0.0001,-0.0005,-83.33%,9763,14614,56086,2.350,0,-5568,0.0006,0.0003,0.0003,0.0001
_SO,10001472,50ETF购11月2500,0.0001,-0.0019,-95.00%,82990,1129518,85553,2.500,0,-22620,0.0020,0.0015,0.0032,0.0001
_SO,10001492,50ETF沽11月2400,0.0001,-0.0053,-98.15%,43186,448078,58580,2.400,0,-12941,0.0054,0.0030,0.0030,0.0001
_SO,10001480,50ETF沽11月2450,0.0001,-0.0218,-99.54%,119320,9081257,32209,2.450,0,-22514,0.0219,0.0197,0.0199,0.0001