_SO,10001482,50ETF沽11月2550,0.0755,0.0157,26.25%,109631,81172890,56251,2.550,23,-4756,0.0598,0.0680,0.0826,0.0659
_SO,10001483,50ETF沽11月2600,0.1020,0.0209,25.77%,65994,65782022,45271,2.600,23,-2360,0.0811,0.0895,0.1109,0.0890
_SO,10001481,50ETF沽11月2500,0.0540,0.0105,24.14%,102060,54307220,70152,2.500,23,-6467,0.0435,0.0470,0.0599,0.0470
_SO,10001480,50ETF沽11月2450,0.0372,0.0066,21.57%,64780,23954110,78197,2.450,23,-10452,0.0306,0.0333,0.0416,0.0330
_SO,10001360,50ETF沽12月2400,0.0473,0.0081,20.66%,4543,2175831,12879,2.400,51,265,0.0392,0.0427,0.0522,0.0426
_SO,10001484,50ETF沽11月2650,0.1311,0.0221,20.28%,20757,27035160,17597,2.650,23,1760,0.1090,0.1202,0.1437,0.1195
_SO,10001370,50ETF沽12月2350,0.0349,0.0058,19.93%,3970,1390306,15685,2.350,51,497,0.0291,0.0303,0.0384,0.0303
_SO,10001492,50ETF沽11月2400,0.0244,0.0040,19.61%,41114,10100143,64848,2.400,23,-4330,0.0204,0.0224,0.0276,0.0220
_SO,10001332,50ETF沽12月2450,0.0628,0.0100,18.94%,5465,3430311,11139,2.450,51,1553,0.0528,0.0568,0.0687,0.0568
_SO,10001322,50ETF沽12月2500,0.0815,0.0126,18.29%,7012,5692801,13169,2.500,51,-254,0.0689,0.0733,0.0885,0.0733
_SO,10001378,50ETF沽12月2300,0.0250,0.0038,17.92%,3983,1002837,12424,2.300,51,882,0.0212,0.0223,0.0278,0.0223
_SO,10001384,50ETF沽12月2250,0.0173,0.0026,17.69%,4583,815221,15743,2.250,51,1082,0.0147,0.0158,0.0197,0.0150
_SO,10001324,50ETF沽12月2600,0.1306,0.0189,16.92%,5931,7699741,6216,2.600,51,-424,0.1117,0.1200,0.1385,0.1199
_SO,10001485,50ETF沽11月2700,0.1658,0.0238,16.76%,10047,16520997,11224,2.700,23,1659,0.1420,0.1534,0.1800,0.1534
_SO,10001323,50ETF沽12月2550,0.1033,0.0143,16.07%,6609,6840948,8520,2.550,51,279,0.0890,0.0947,0.1116,0.0947
_SO,10001440,50ETF沽3月2250,0.0507,0.0067,15.23%,816,410334,8455,2.250,142,-323,0.0440,0.0469,0.0529,0.0469
_SO,10001442,50ETF沽3月2200,0.0404,0.0053,15.10%,1165,464653,11653,2.200,142,310,0.0351,0.0368,0.0422,0.0368
_SO,10001491,50ETF沽11月2350,0.0151,0.0019,14.39%,34265,5241097,61382,2.350,23,-904,0.0132,0.0143,0.0175,0.0140
_SO,10001486,50ETF沽11月2750,0.2052,0.0252,14.00%,3249,6668198,5883,2.750,23,-45,0.1800,0.1969,0.2201,0.1914
_SO,10001487,50ETF沽11月2800,0.2488,0.0300,13.71%,3656,9087681,2159,2.800,23,22,0.2188,0.2380,0.2639,0.2327
_SO,10001325,50ETF沽12月2650,0.1571,0.0187,13.51%,1710,2704576,3937,2.650,51,-37,0.1384,0.1477,0.1684,0.1477
_SO,10001438,50ETF沽3月2300,0.0629,0.0073,13.13%,1236,766908,3966,2.300,142,481,0.0556,0.0594,0.0656,0.0592
_SO,10001496,50ETF沽11月2300,0.0089,0.0010,12.66%,23324,2139344,85844,2.300,23,2627,0.0079,0.0105,0.0105,0.0083
_SO,10001326,50ETF沽12月2700,0.1900,0.0209,12.36%,1775,3386594,4159,2.700,51,-9,0.1691,0.1767,0.2021,0.1767
_SO,10001436,50ETF沽3月2350,0.0760,0.0079,11.60%,840,638988,3714,2.350,142,124,0.0681,0.0737,0.0793,0.0727
_SO,10001488,50ETF沽11月2850,0.2928,0.0301,11.46%,3361,9839170,3186,2.850,23,-194,0.2627,0.2802,0.3091,0.2770
_SO,10001327,50ETF沽12月2750,0.2259,0.0221,10.84%,679,1543984,3385,2.750,51,-31,0.2038,0.2142,0.2383,0.2142
_SO,10001428,50ETF沽3月2500,0.1302,0.0126,10.71%,659,853914,3484,2.500,142,-21,0.1176,0.1260,0.1355,0.1247
_SO,10001426,50ETF沽3月2400,0.0917,0.0086,10.35%,478,437253,5447,2.400,142,-146,0.0831,0.0898,0.0957,0.0866
_SO,10001412,50ETF沽12月2200,0.0118,0.0011,10.28%,5140,633054,36585,2.200,51,462,0.0107,0.0115,0.0135,0.0113
_SO,10001328,50ETF沽12月2800,0.2650,0.0243,10.10%,616,1626527,3471,2.800,51,-19,0.2407,0.2520,0.2774,0.2520
_SO,10001427,50ETF沽3月2450,0.1102,0.0101,10.09%,1336,1465462,4838,2.450,142,-343,0.1001,0.1078,0.1148,0.1018
_SO,10001429,50ETF沽3月2550,0.1532,0.0140,10.06%,1133,1711662,3599,2.550,142,69,0.1392,0.1486,0.1596,0.1459
_SO,10001522,50ETF沽6月2250,0.0724,0.0063,9.53%,861,634302,1531,2.250,233,360,0.0661,0.0703,0.0772,0.0700
_SO,10001430,50ETF沽3月2600,0.1779,0.0154,9.48%,472,840158,4465,2.600,142,-,0.1625,0.1759,0.1856,0.1707
_SO,10001433,50ETF沽3月2750,0.2703,0.0233,9.43%,114,304509,2036,2.750,142,3,0.2470,0.2618,0.2768,0.2589
_SO,10001329,50ETF沽12月2850,0.3051,0.0252,9.00%,452,1380727,2274,2.850,51,-77,0.2799,0.2919,0.3200,0.2914
_SO,10001511,50ETF沽6月2400,0.1205,0.0095,8.56%,483,592573,1922,2.400,233,45,0.1110,0.1180,0.1270,0.1172
_SO,10001330,50ETF沽12月2900,0.3487,0.0271,8.43%,233,814696,3069,2.900,51,-16,0.3216,0.3354,0.3610,0.3354
_SO,10001431,50ETF沽3月2650,0.2052,0.0159,8.40%,260,529076,1250,2.650,142,-27,0.1893,0.2002,0.2123,0.1977
_SO,10001432,50ETF沽3月2700,0.2346,0.0173,7.96%,133,312238,2297,2.700,142,-32,0.2173,0.2302,0.2408,0.2275
_SO,10001520,50ETF沽6月2300,0.0859,0.0061,7.64%,576,512305,1763,2.300,233,333,0.0798,0.0854,0.0912,0.0850
_SO,10001510,50ETF沽6月2350,0.1025,0.0071,7.44%,453,472751,2422,2.350,233,100,0.0954,0.1010,0.1074,0.0985
_SO,10001514,50ETF沽6月2550,0.1857,0.0127,7.34%,612,1128790,1383,2.550,233,194,0.1730,0.1810,0.1925,0.1760
_SO,10001512,50ETF沽6月2450,0.1388,0.0094,7.26%,639,902383,2228,2.450,233,187,0.1294,0.1368,0.1466,0.1329
_SO,10001513,50ETF沽6月2500,0.1617,0.0107,7.09%,718,1160835,1575,2.500,233,266,0.1510,0.1581,0.1686,0.1513
_SO,10001515,50ETF沽6月2600,0.2100,0.0132,6.71%,681,1426866,1319,2.600,233,304,0.1968,0.2058,0.2177,0.1997
_SO,10001434,50ETF沽3月2800,0.2985,0.0183,6.53%,405,1218731,3248,2.800,142,70,0.2802,0.2929,0.3098,0.2926
_SO,10001334,50ETF沽12月2950,0.3902,0.0233,6.35%,451,1781032,8643,2.950,51,2,0.3669,0.3821,0.4064,0.3791
_SO,10001516,50ETF沽6月2650,0.2363,0.0139,6.25%,534,1259618,942,2.650,233,222,0.2224,0.2321,0.2452,0.2251
_SO,10001517,50ETF沽6月2700,0.2651,0.0154,6.17%,199,517342,304,2.700,233,50,0.2497,0.2606,0.2724,0.2526
_SO,10001470,50ETF沽3月2850,0.3333,0.0183,5.81%,464,1556673,2610,2.850,142,32,0.3150,0.3297,0.3464,0.3256
_SO,10001518,50ETF沽6月2750,0.2942,0.0158,5.68%,452,1312848,826,2.750,233,137,0.2784,0.2826,0.3043,0.2770
_SO,10001524,50ETF沽6月2800,0.3256,0.0162,5.24%,264,855203,209,2.800,233,209,0.3094,0.2974,0.3358,0.2974
_SO,10001495,50ETF沽11月2250,0.0052,-0.0001,-1.89%,17936,998798,53986,2.250,23,2791,0.0053,0.0056,0.0064,0.0048
_SO,10001321,50ETF购12月2900,0.0217,-0.0007,-3.12%,3294,685219,32787,2.900,51,722,0.0224,0.0199,0.0222,0.0192
_SO,10001441,50ETF购3月2200,0.4360,-0.0141,-3.13%,343,1477058,5730,2.200,142,200,0.4501,0.4413,0.4416,0.4200
_SO,10001469,50ETF购3月2850,0.0857,-0.0033,-3.71%,1202,1017603,9387,2.850,142,-68,0.0890,0.0841,0.0879,0.0808
_SO,10001424,50ETF购3月2750,0.1154,-0.0050,-4.15%,512,579743,5208,2.750,142,-78,0.1204,0.1119,0.1181,0.1083
_SO,10001422,50ETF购3月2650,0.1535,-0.0067,-4.18%,636,965378,4612,2.650,142,52,0.1602,0.1500,0.1564,0.1448
_SO,10001425,50ETF购3月2800,0.0995,-0.0045,-4.33%,1806,1770399,11313,2.800,142,509,0.1040,0.0955,0.1019,0.0934
_SO,10001423,50ETF购3月2700,0.1333,-0.0064,-4.58%,1193,1572112,5736,2.700,142,-59,0.1397,0.1289,0.1364,0.1257
_SO,10001420,50ETF购3月2550,0.1993,-0.0096,-4.60%,1301,2566344,4594,2.550,142,185,0.2089,0.2000,0.2043,0.1889
_SO,10001421,50ETF购3月2600,0.1751,-0.0090,-4.89%,1114,1952380,6587,2.600,142,276,0.1841,0.1715,0.1803,0.1668
_SO,10001439,50ETF购3月2250,0.3926,-0.0204,-4.94%,227,896144,1279,2.250,142,-23,0.4130,0.4012,0.4026,0.3830
_SO,10001418,50ETF购3月2450,0.2536,-0.0139,-5.20%,349,884857,2850,2.450,142,-12,0.2675,0.2530,0.2616,0.2437
_SO,10001419,50ETF购3月2500,0.2255,-0.0124,-5.21%,712,1598218,6260,2.500,142,64,0.2379,0.2250,0.2315,0.2151
_SO,10001519,50ETF购6月2300,0.3956,-0.0218,-5.22%,316,1280236,1468,2.300,233,73,0.4174,0.4148,0.4349,0.3892
_SO,10001435,50ETF购3月2350,0.3176,-0.0177,-5.28%,1139,3565077,760,2.350,142,-399,0.3353,0.3262,0.3274,0.3070
_SO,10001437,50ETF购3月2300,0.3523,-0.0198,-5.32%,443,1559781,3104,2.300,142,-191,0.3721,0.3625,0.3634,0.3440
_SO,10001501,50ETF购6月2350,0.3620,-0.0213,-5.56%,538,1998910,1114,2.350,233,35,0.3833,0.3802,0.3983,0.3568
_SO,10001500,50ETF沽11月2200,0.0034,-0.0002,-5.56%,14374,503863,63551,2.200,23,-80,0.0036,0.0037,0.0043,0.0030
_SO,10001502,50ETF购6月2400,0.3304,-0.0197,-5.63%,233,782418,789,2.400,233,3,0.3501,0.3509,0.3549,0.3250
_SO,10001504,50ETF购6月2500,0.2735,-0.0164,-5.66%,443,1223938,1904,2.500,233,318,0.2899,0.2793,0.2936,0.2678
_SO,10001503,50ETF购6月2450,0.3009,-0.0181,-5.67%,424,1288181,1590,2.450,233,281,0.3190,0.3091,0.3233,0.2950
_SO,10001507,50ETF购6月2650,0.2024,-0.0122,-5.68%,595,1214554,1244,2.650,233,266,0.2146,0.2048,0.2156,0.1981
_SO,10001521,50ETF购6月2250,0.4265,-0.0261,-5.77%,161,699519,276,2.250,233,75,0.4526,0.4414,0.4497,0.4250
_SO,10001506,50ETF购6月2600,0.2238,-0.0139,-5.85%,665,1499437,1781,2.600,233,267,0.2377,0.2275,0.2398,0.2195
_SO,10001417,50ETF购3月2400,0.2835,-0.0180,-5.97%,375,1063108,1491,2.400,142,-54,0.3015,0.2836,0.2935,0.2746
_SO,10001508,50ETF购6月2700,0.1823,-0.0117,-6.03%,260,481976,762,2.700,233,95,0.1940,0.1876,0.1893,0.1797
_SO,10001509,50ETF购6月2750,0.1627,-0.0105,-6.06%,1089,1791182,2494,2.750,233,-157,0.1732,0.1656,0.1702,0.1536
_SO,10001505,50ETF购6月2550,0.2459,-0.0167,-6.36%,463,1154749,1754,2.550,233,268,0.2626,0.2504,0.2661,0.2430
_SO,10001523,50ETF购6月2800,0.1449,-0.0103,-6.64%,939,1376488,711,2.800,233,711,0.1552,0.1492,0.1517,0.1400
_SO,10001383,50ETF购12月2250,0.3370,-0.0247,-6.83%,420,1419162,1798,2.250,51,-79,0.3617,0.3462,0.3515,0.3246
_SO,10001411,50ETF购12月2200,0.3811,-0.0282,-6.89%,994,3794802,3440,2.200,51,59,0.4093,0.3925,0.3967,0.3681
_SO,10001333,50ETF购12月2950,0.0152,-0.0012,-7.32%,7605,1172810,53781,2.950,51,20,0.0164,0.0153,0.0165,0.0143
_SO,10001377,50ETF购12月2300,0.2958,-0.0234,-7.33%,701,2075345,3871,2.300,51,39,0.3192,0.3048,0.3086,0.2828
_SO,10001499,50ETF购11月2200,0.3639,-0.0310,-7.85%,3454,12658361,3320,2.200,23,-617,0.3949,0.3819,0.3819,0.3497
_SO,10001320,50ETF购12月2850,0.0279,-0.0025,-8.22%,3141,879395,25280,2.850,51,63,0.0304,0.0288,0.0300,0.0258
_SO,10001369,50ETF购12月2350,0.2552,-0.0229,-8.23%,964,2470002,5204,2.350,51,47,0.2781,0.2633,0.2683,0.2432
_SO,10001493,50ETF购11月2250,0.3188,-0.0302,-8.65%,2539,8085030,3607,2.250,23,14,0.3490,0.3308,0.3325,0.3024
_SO,10001319,50ETF购12月2800,0.0374,-0.0036,-8.78%,3867,1440519,15967,2.800,51,456,0.0410,0.0383,0.0420,0.0342
_SO,10001318,50ETF购12月2750,0.0488,-0.0047,-8.79%,3932,1930134,18027,2.750,51,1049,0.0535,0.0501,0.0561,0.0450
_SO,10001331,50ETF购12月2450,0.1836,-0.0183,-9.06%,3332,6147432,7174,2.450,51,697,0.2019,0.1916,0.1947,0.1726
_SO,10001359,50ETF购12月2400,0.2165,-0.0222,-9.30%,1508,3309904,4881,2.400,51,71,0.2387,0.2247,0.2298,0.2069
_SO,10001317,50ETF购12月2700,0.0628,-0.0065,-9.38%,5680,3598007,23704,2.700,51,693,0.0693,0.0646,0.0678,0.0581
_SO,10001315,50ETF购12月2600,0.1009,-0.0107,-9.59%,8956,9047549,16621,2.600,51,1778,0.1116,0.1045,0.1081,0.0941
_SO,10001313,50ETF购12月2500,0.1514,-0.0171,-10.15%,5982,9092118,11655,2.500,51,1099,0.1685,0.1586,0.1622,0.1420
_SO,10001494,50ETF购11月2300,0.2711,-0.0312,-10.32%,3031,8279289,3945,2.300,23,-475,0.3023,0.2843,0.2881,0.2576
_SO,10001314,50ETF购12月2550,0.1230,-0.0150,-10.87%,8299,10375386,14618,2.550,51,1723,0.1380,0.1291,0.1329,0.1164
_SO,10001316,50ETF购12月2650,0.0790,-0.0098,-11.04%,7041,5686125,15453,2.650,51,1561,0.0888,0.0843,0.0862,0.0742
_SO,10001489,50ETF购11月2350,0.2271,-0.0295,-11.50%,6275,14458023,5506,2.350,23,-923,0.2566,0.2394,0.2432,0.2135
_SO,10001490,50ETF购11月2400,0.1859,-0.0262,-12.35%,13440,25127131,17175,2.400,23,-232,0.2121,0.1984,0.1998,0.1731
_SO,10001471,50ETF购11月2450,0.1488,-0.0233,-13.54%,25984,38987868,30288,2.450,23,-647,0.1721,0.1568,0.1668,0.1371
_SO,10001475,50ETF购11月2650,0.0447,-0.0075,-14.37%,69242,31383956,93009,2.650,23,8510,0.0522,0.0473,0.0499,0.0400
_SO,10001474,50ETF购11月2600,0.0637,-0.0112,-14.95%,122396,78621374,108404,2.600,23,20713,0.0749,0.0683,0.0700,0.0571
_SO,10001473,50ETF购11月2550,0.0868,-0.0156,-15.23%,115264,100387396,78930,2.550,23,13639,0.1024,0.0951,0.0954,0.0786
_SO,10001472,50ETF购11月2500,0.1145,-0.0208,-15.37%,54604,63309314,51009,2.500,23,5022,0.1353,0.1288,0.1288,0.1056
_SO,10001477,50ETF购11月2750,0.0192,-0.0037,-16.16%,32886,6490687,59980,2.750,23,1708,0.0229,0.0192,0.0222,0.0171
_SO,10001476,50ETF购11月2700,0.0300,-0.0060,-16.67%,46444,14233035,76851,2.700,23,8145,0.0360,0.0318,0.0339,0.0263
_SO,10001478,50ETF购11月2800,0.0116,-0.0026,-18.31%,30436,3681033,76362,2.800,23,932,0.0142,0.0121,0.0138,0.0105
_SO,10001479,50ETF购11月2850,0.0072,-0.0017,-19.10%,32877,2438146,122565,2.850,23,3563,0.0089,0.0079,0.0085,0.0063