_SO,10001496,50ETF沽11月2300,0.0321,0.0145,82.39%,60058,16298907,76798,2.300,30,5473,0.0176,0.0176,0.0339,0.0172
_SO,10001500,50ETF沽11月2200,0.0120,0.0054,81.82%,53866,5530500,63024,2.200,30,16593,0.0066,0.0068,0.0129,0.0066
_SO,10001495,50ETF沽11月2250,0.0201,0.0090,81.08%,45532,7771694,57001,2.250,30,2637,0.0111,0.0111,0.0216,0.0102
_SO,10001491,50ETF沽11月2350,0.0487,0.0202,70.88%,74588,30979509,57672,2.350,30,3818,0.0285,0.0295,0.0507,0.0266
_SO,10001492,50ETF沽11月2400,0.0690,0.0276,66.67%,108689,65212497,52760,2.400,30,242,0.0414,0.0416,0.0723,0.0391
_SO,10001480,50ETF沽11月2450,0.0936,0.0348,59.18%,131526,107408162,48447,2.450,30,-4135,0.0588,0.0570,0.0981,0.0564
_SO,10001412,50ETF沽12月2200,0.0243,0.0087,55.77%,9926,2110871,35813,2.200,58,2025,0.0156,0.0157,0.0255,0.0145
_SO,10001378,50ETF沽12月2300,0.0503,0.0180,55.73%,7387,3332855,13901,2.300,58,336,0.0323,0.0326,0.0525,0.0320
_SO,10001384,50ETF沽12月2250,0.0348,0.0121,53.30%,5297,1659304,15901,2.250,58,1578,0.0227,0.0232,0.0370,0.0220
_SO,10001370,50ETF沽12月2350,0.0684,0.0236,52.68%,5793,3538969,15003,2.350,58,685,0.0448,0.0446,0.0708,0.0430
_SO,10001481,50ETF沽11月2500,0.1217,0.0417,52.12%,111513,118886700,41003,2.500,30,-6216,0.0800,0.0776,0.1291,0.0776
_SO,10001360,50ETF沽12月2400,0.0902,0.0298,49.34%,4968,3994935,11332,2.400,58,60,0.0604,0.0601,0.0932,0.0584
_SO,10001482,50ETF沽11月2550,0.1555,0.0496,46.84%,53271,73277842,56058,2.550,30,4325,0.1059,0.1033,0.1634,0.1011
_SO,10001332,50ETF沽12月2450,0.1129,0.0339,42.91%,6009,6268251,8035,2.450,58,327,0.0790,0.0791,0.1186,0.0787
_SO,10001483,50ETF沽11月2600,0.1918,0.0558,41.03%,32931,57082761,42721,2.600,30,3219,0.1360,0.1352,0.2009,0.1309
_SO,10001322,50ETF沽12月2500,0.1415,0.0401,39.55%,6553,8471739,10422,2.500,58,-150,0.1014,0.1013,0.1470,0.0984
_SO,10001484,50ETF沽11月2650,0.2321,0.0631,37.34%,17525,36616523,24329,2.650,30,3321,0.1690,0.1705,0.2417,0.1632
_SO,10001323,50ETF沽12月2550,0.1737,0.0470,37.10%,2865,4492634,5668,2.550,58,-365,0.1267,0.1267,0.1795,0.1000
_SO,10001324,50ETF沽12月2600,0.2086,0.0525,33.63%,3153,6031941,5124,2.600,58,265,0.1561,0.1553,0.2151,0.1551
_SO,10001485,50ETF沽11月2700,0.2733,0.0655,31.52%,6022,15221840,12997,2.700,30,805,0.2078,0.2083,0.2828,0.2048
_SO,10001442,50ETF沽3月2200,0.0587,0.0137,30.44%,1889,1041334,10333,2.200,149,291,0.0450,0.0448,0.0612,0.0440
_SO,10001325,50ETF沽12月2650,0.2445,0.0562,29.85%,3453,7882430,5847,2.650,58,866,0.1883,0.1877,0.2516,0.1869
_SO,10001440,50ETF沽3月2250,0.0727,0.0164,29.13%,889,623366,8748,2.250,149,272,0.0563,0.0561,0.0755,0.0561
_SO,10001326,50ETF沽12月2700,0.2847,0.0612,27.38%,3941,10808152,6159,2.700,58,1141,0.2235,0.2231,0.2918,0.2220
_SO,10001486,50ETF沽11月2750,0.3162,0.0672,26.99%,5353,15544190,7572,2.750,30,-498,0.2490,0.2509,0.3263,0.2438
_SO,10001438,50ETF沽3月2300,0.0885,0.0178,25.18%,1251,1071492,3236,2.300,149,250,0.0707,0.0694,0.0932,0.0694
_SO,10001487,50ETF沽11月2800,0.3606,0.0705,24.30%,3462,11462522,3468,2.800,30,-208,0.2901,0.2918,0.3727,0.2890
_SO,10001436,50ETF沽3月2350,0.1064,0.0206,24.01%,557,566888,2973,2.350,149,-30,0.0858,0.0846,0.1121,0.0846
_SO,10001327,50ETF沽12月2750,0.3228,0.0616,23.58%,1415,4388271,3943,2.750,58,-19,0.2612,0.2612,0.3313,0.2612
_SO,10001427,50ETF沽3月2450,0.1523,0.0285,23.02%,911,1355492,4837,2.450,149,291,0.1238,0.1216,0.1587,0.1212
_SO,10001426,50ETF沽3月2400,0.1274,0.0230,22.03%,501,617922,5453,2.400,149,-33,0.1044,0.1020,0.1348,0.1020
_SO,10001510,50ETF沽6月2350,0.1386,0.0248,21.79%,604,777448,1350,2.350,240,102,0.1138,0.1110,0.1417,0.1050
_SO,10001428,50ETF沽3月2500,0.1780,0.0316,21.58%,899,1504974,3468,2.500,149,227,0.1464,0.1433,0.1846,0.1433
_SO,10001488,50ETF沽11月2850,0.4085,0.0723,21.51%,2682,10293543,3440,2.850,30,-8,0.3362,0.3372,0.4200,0.3273
_SO,10001520,50ETF沽6月2300,0.1161,0.0199,20.69%,924,1030031,772,2.300,240,772,0.0962,0.0952,0.1205,0.0923
_SO,10001329,50ETF沽12月2850,0.4105,0.0683,19.96%,402,1546134,3115,2.850,58,53,0.3422,0.3530,0.4198,0.3530
_SO,10001429,50ETF沽3月2550,0.2051,0.0340,19.87%,1021,2002814,3181,2.550,149,-6,0.1711,0.1672,0.2140,0.1672
_SO,10001512,50ETF沽6月2450,0.1843,0.0304,19.75%,715,1264604,1435,2.450,240,461,0.1539,0.1520,0.1897,0.1520
_SO,10001328,50ETF沽12月2800,0.3605,0.0593,19.69%,594,2022201,4701,2.800,58,58,0.3012,0.3067,0.3770,0.3046
_SO,10001513,50ETF沽6月2500,0.2100,0.0340,19.32%,756,1538128,780,2.500,240,385,0.1760,0.1743,0.2142,0.1717
_SO,10001430,50ETF沽3月2600,0.2350,0.0380,19.29%,711,1588262,4005,2.600,149,-15,0.1970,0.1936,0.2449,0.1936
_SO,10001511,50ETF沽6月2400,0.1571,0.0241,18.12%,602,928222,637,2.400,240,398,0.1330,0.1316,0.1634,0.1315
_SO,10001433,50ETF沽3月2750,0.3418,0.0523,18.07%,260,856695,1829,2.750,149,53,0.2895,0.2924,0.3480,0.2924
_SO,10001330,50ETF沽12月2900,0.4558,0.0688,17.78%,561,2427055,3419,2.900,58,334,0.3870,0.3896,0.4662,0.3896
_SO,10001515,50ETF沽6月2600,0.2674,0.0403,17.75%,965,2461160,638,2.600,240,353,0.2271,0.2245,0.2717,0.2245
_SO,10001432,50ETF沽3月2700,0.3039,0.0455,17.61%,251,741794,2157,2.700,149,44,0.2584,0.2527,0.3110,0.2527
_SO,10001431,50ETF沽3月2650,0.2670,0.0396,17.41%,472,1219762,1542,2.650,149,48,0.2274,0.2221,0.2769,0.2221
_SO,10001516,50ETF沽6月2650,0.2977,0.0425,16.65%,308,863962,422,2.650,240,105,0.2552,0.2523,0.3047,0.2523
_SO,10001514,50ETF沽6月2550,0.2338,0.0330,16.43%,753,1711620,982,2.550,240,429,0.2008,0.1985,0.2426,0.1985
_SO,10001434,50ETF沽3月2800,0.3755,0.0512,15.79%,820,2933571,3367,2.800,149,217,0.3243,0.3274,0.3862,0.3274
_SO,10001334,50ETF沽12月2950,0.5015,0.0675,15.55%,681,3265587,8970,2.950,58,247,0.4340,0.4400,0.5131,0.4316
_SO,10001470,50ETF沽3月2850,0.4166,0.0552,15.27%,558,2257725,1782,2.850,149,60,0.3614,0.3645,0.4277,0.3645
_SO,10001518,50ETF沽6月2750,0.3629,0.0476,15.10%,352,1219101,404,2.750,240,206,0.3153,0.3224,0.3724,0.3193
_SO,10001517,50ETF沽6月2700,0.3257,0.0412,14.48%,278,870672,190,2.700,240,102,0.2845,0.2884,0.3371,0.2868
_SO,10001519,50ETF购6月2300,0.3270,-0.0417,-11.31%,138,458427,119,2.300,240,119,0.3687,0.3657,0.3657,0.3167
_SO,10001502,50ETF购6月2400,0.2676,-0.0406,-13.17%,724,1973748,497,2.400,240,377,0.3082,0.3067,0.3094,0.2596
_SO,10001501,50ETF购6月2350,0.2928,-0.0452,-13.37%,466,1428396,382,2.350,240,123,0.3380,0.3395,0.3396,0.2870
_SO,10001503,50ETF购6月2450,0.2419,-0.0374,-13.39%,690,1704437,956,2.450,240,372,0.2793,0.2777,0.2808,0.2349
_SO,10001439,50ETF购3月2250,0.3119,-0.0490,-13.58%,341,1102189,1488,2.250,149,-53,0.3609,0.3593,0.3593,0.3054
_SO,10001441,50ETF购3月2200,0.3456,-0.0554,-13.82%,1277,4621696,5832,2.200,149,478,0.4010,0.3933,0.4237,0.3380
_SO,10001437,50ETF购3月2300,0.2800,-0.0467,-14.29%,418,1222424,3911,2.300,149,93,0.3267,0.3246,0.3246,0.2719
_SO,10001505,50ETF购6月2550,0.1964,-0.0328,-14.31%,826,1688595,1014,2.550,240,337,0.2292,0.2336,0.2336,0.1907
_SO,10001504,50ETF购6月2500,0.2170,-0.0370,-14.57%,947,2137444,1072,2.500,240,332,0.2540,0.2583,0.2583,0.2123
_SO,10001509,50ETF购6月2750,0.1270,-0.0225,-15.05%,1232,1630530,1442,2.750,240,694,0.1495,0.1526,0.1529,0.1242
_SO,10001435,50ETF购3月2350,0.2488,-0.0441,-15.06%,233,600153,1968,2.350,149,23,0.2929,0.2978,0.2990,0.2400
_SO,10001506,50ETF购6月2600,0.1757,-0.0313,-15.12%,649,1185516,712,2.600,240,341,0.2070,0.2107,0.2107,0.1719
_SO,10001417,50ETF购3月2400,0.2209,-0.0398,-15.27%,574,1309442,2003,2.400,149,145,0.2607,0.2661,0.2661,0.2120
_SO,10001507,50ETF购6月2650,0.1575,-0.0286,-15.37%,393,658006,324,2.650,240,38,0.1861,0.1896,0.1896,0.1550
_SO,10001508,50ETF购6月2700,0.1412,-0.0264,-15.75%,336,510333,219,2.700,240,55,0.1676,0.1703,0.1703,0.1387
_SO,10001418,50ETF购3月2450,0.1944,-0.0371,-16.03%,969,2003640,2939,2.450,149,176,0.2315,0.2366,0.2366,0.1883
_SO,10001422,50ETF购3月2650,0.1138,-0.0233,-16.99%,789,945235,4311,2.650,149,120,0.1371,0.1404,0.1404,0.1089
_SO,10001421,50ETF购3月2600,0.1310,-0.0281,-17.66%,1135,1560069,6414,2.600,149,110,0.1591,0.1699,0.1699,0.1247
_SO,10001420,50ETF购3月2550,0.1480,-0.0325,-18.01%,894,1421439,5128,2.550,149,150,0.1805,0.1845,0.1845,0.1443
_SO,10001423,50ETF购3月2700,0.0978,-0.0219,-18.30%,894,930000,4876,2.700,149,124,0.1197,0.1224,0.1224,0.0941
_SO,10001419,50ETF购3月2500,0.1680,-0.0377,-18.33%,1237,2230938,6705,2.500,149,292,0.2057,0.2097,0.2097,0.1650
_SO,10001424,50ETF购3月2750,0.0835,-0.0198,-19.17%,695,619985,4884,2.750,149,91,0.1033,0.1042,0.1043,0.0810
_SO,10001469,50ETF购3月2850,0.0614,-0.0150,-19.63%,1691,1109664,11052,2.850,149,94,0.0764,0.0741,0.0762,0.0600
_SO,10001411,50ETF购12月2200,0.2775,-0.0685,-19.80%,1412,4230459,3588,2.200,58,183,0.3460,0.3425,0.3480,0.2698
_SO,10001425,50ETF购3月2800,0.0709,-0.0178,-20.07%,850,647765,10627,2.800,149,195,0.0887,0.0896,0.0896,0.0699
_SO,10001383,50ETF购12月2250,0.2388,-0.0651,-21.42%,975,2539883,1945,2.250,58,286,0.3039,0.3034,0.3034,0.2342
_SO,10001499,50ETF购11月2200,0.2574,-0.0726,-22.00%,5863,16531836,4161,2.200,30,1430,0.3300,0.3330,0.3400,0.2482
_SO,10001377,50ETF购12月2300,0.2028,-0.0622,-23.47%,992,2260768,4716,2.300,58,246,0.2650,0.2644,0.2702,0.1973
_SO,10001493,50ETF购11月2250,0.2174,-0.0667,-23.48%,5886,14227431,5220,2.250,30,2114,0.2841,0.2859,0.2936,0.2070
_SO,10001369,50ETF购12月2350,0.1722,-0.0565,-24.70%,2002,3752331,6211,2.350,58,683,0.2287,0.2276,0.2287,0.1680
_SO,10001359,50ETF购12月2400,0.1433,-0.0503,-25.98%,2575,4080439,5855,2.400,58,767,0.1936,0.1938,0.1986,0.1383
_SO,10001494,50ETF购11月2300,0.1771,-0.0645,-26.70%,7141,14050929,5249,2.300,30,1605,0.2416,0.2411,0.2479,0.1693
_SO,10001333,50ETF购12月2950,0.0117,-0.0044,-27.33%,10101,1371440,48031,2.950,58,2036,0.0161,0.0161,0.0185,0.0115
_SO,10001331,50ETF购12月2450,0.1162,-0.0454,-28.09%,3399,4426521,8265,2.450,58,573,0.1616,0.1624,0.1692,0.1136
_SO,10001489,50ETF购11月2350,0.1446,-0.0575,-28.45%,13513,21367196,9688,2.350,30,2595,0.2021,0.2017,0.2053,0.1361
_SO,10001313,50ETF购12月2500,0.0967,-0.0389,-28.69%,6484,7074746,12633,2.500,58,929,0.1356,0.1358,0.1399,0.0926
_SO,10001320,50ETF购12月2850,0.0192,-0.0080,-29.41%,6017,1371528,22191,2.850,58,1595,0.0272,0.0290,0.0292,0.0181
_SO,10001314,50ETF购12月2550,0.0781,-0.0327,-29.51%,6410,5742289,13513,2.550,58,596,0.1108,0.1120,0.1156,0.0753
_SO,10001479,50ETF购11月2850,0.0066,-0.0029,-30.53%,40068,3109178,110938,2.850,30,7223,0.0095,0.0095,0.0111,0.0065
_SO,10001315,50ETF购12月2600,0.0622,-0.0278,-30.89%,6790,4955974,16463,2.600,58,1470,0.0900,0.0912,0.0935,0.0608
_SO,10001490,50ETF购11月2400,0.1144,-0.0513,-30.96%,33254,42826127,22099,2.400,30,5132,0.1657,0.1650,0.1705,0.1073
_SO,10001321,50ETF购12月2900,0.0147,-0.0066,-30.99%,8141,1412291,30350,2.900,58,1160,0.0213,0.0249,0.0249,0.0145
_SO,10001316,50ETF购12月2650,0.0494,-0.0231,-31.86%,5167,3010147,15326,2.650,58,1198,0.0725,0.0732,0.0766,0.0481
_SO,10001471,50ETF购11月2450,0.0892,-0.0418,-31.91%,77253,76892334,49186,2.450,30,19449,0.1310,0.1331,0.1376,0.0832
_SO,10001317,50ETF购12月2700,0.0388,-0.0183,-32.05%,9531,4374810,25279,2.700,58,4603,0.0571,0.0590,0.0590,0.0388
_SO,10001318,50ETF购12月2750,0.0310,-0.0149,-32.46%,4225,1539085,13530,2.750,58,246,0.0459,0.0461,0.0489,0.0302
_SO,10001319,50ETF购12月2800,0.0239,-0.0121,-33.61%,4340,1218494,16590,2.800,58,289,0.0360,0.0382,0.0382,0.0236
_SO,10001475,50ETF购11月2650,0.0295,-0.0160,-35.16%,74374,26167983,109449,2.650,30,14727,0.0455,0.0465,0.0485,0.0276
_SO,10001472,50ETF购11月2500,0.0675,-0.0368,-35.28%,136784,109209787,81485,2.500,30,24130,0.1043,0.1054,0.1085,0.0651
_SO,10001473,50ETF购11月2550,0.0515,-0.0288,-35.87%,138687,85914414,104574,2.550,30,21711,0.0803,0.0840,0.0840,0.0495
_SO,10001474,50ETF购11月2600,0.0386,-0.0222,-36.51%,91108,42424768,107510,2.600,30,14504,0.0608,0.0634,0.0635,0.0372
_SO,10001478,50ETF购11月2800,0.0095,-0.0057,-37.50%,32556,3906051,61547,2.800,30,1360,0.0152,0.0151,0.0163,0.0095
_SO,10001476,50ETF购11月2700,0.0207,-0.0129,-38.39%,43652,10973627,69660,2.700,30,5957,0.0336,0.0348,0.0348,0.0200
_SO,10001477,50ETF购11月2750,0.0146,-0.0091,-38.40%,34288,6124461,56244,2.750,30,4994,0.0237,0.0236,0.0239,0.0142