_SO,10001495,50ETF沽11月2250,0.0063,0.0019,43.18%,21040,1140539,56896,2.250,19,694,0.0044,0.0046,0.0065,0.0045
_SO,10001491,50ETF沽11月2350,0.0214,0.0062,40.79%,40432,7836775,74143,2.350,19,808,0.0152,0.0161,0.0220,0.0161
_SO,10001480,50ETF沽11月2450,0.0548,0.0155,39.44%,97577,49069660,82424,2.450,19,-13135,0.0393,0.0448,0.0556,0.0420
_SO,10001481,50ETF沽11月2500,0.0795,0.0224,39.23%,122704,89922435,63579,2.500,19,-12881,0.0571,0.0633,0.0798,0.0633
_SO,10001492,50ETF沽11月2400,0.0351,0.0096,37.65%,66493,21581184,73622,2.400,19,-776,0.0255,0.0278,0.0358,0.0278
_SO,10001482,50ETF沽11月2550,0.1091,0.0298,37.58%,85233,85942457,65754,2.550,19,901,0.0793,0.0910,0.1098,0.0871
_SO,10001384,50ETF沽12月2250,0.0230,0.0060,35.29%,4945,1073610,19683,2.250,47,604,0.0170,0.0179,0.0237,0.0179
_SO,10001496,50ETF沽11月2300,0.0116,0.0030,34.88%,31361,3305816,94151,2.300,19,1639,0.0086,0.0089,0.0125,0.0087
_SO,10001378,50ETF沽12月2300,0.0338,0.0082,32.03%,4408,1389238,16266,2.300,47,931,0.0256,0.0262,0.0343,0.0262
_SO,10001483,50ETF沽11月2600,0.1428,0.0344,31.73%,32661,43521761,51633,2.600,19,4463,0.1084,0.1192,0.1439,0.1189
_SO,10001412,50ETF沽12月2200,0.0153,0.0036,30.77%,7029,1001002,44688,2.200,47,2279,0.0117,0.0120,0.0156,0.0120
_SO,10001360,50ETF沽12月2400,0.0655,0.0151,29.96%,4444,2735589,13288,2.400,47,541,0.0504,0.0532,0.0655,0.0532
_SO,10001332,50ETF沽12月2450,0.0865,0.0199,29.88%,6888,5575864,11388,2.450,47,-849,0.0666,0.0705,0.0866,0.0705
_SO,10001370,50ETF沽12月2350,0.0474,0.0109,29.86%,4472,1984603,18875,2.350,47,1393,0.0365,0.0387,0.0479,0.0387
_SO,10001484,50ETF沽11月2650,0.1814,0.0402,28.47%,10885,18603257,19360,2.650,19,1083,0.1412,0.1534,0.1821,0.1534
_SO,10001322,50ETF沽12月2500,0.1110,0.0235,26.86%,8799,9151997,14371,2.500,47,-234,0.0875,0.0925,0.1110,0.0925
_SO,10001500,50ETF沽11月2200,0.0029,0.0006,26.09%,13688,373551,61232,2.200,19,479,0.0023,0.0023,0.0032,0.0022
_SO,10001323,50ETF沽12月2550,0.1394,0.0274,24.46%,4697,6132417,10027,2.550,47,-321,0.1120,0.1181,0.1394,0.1181
_SO,10001485,50ETF沽11月2700,0.2205,0.0412,22.98%,5693,11968970,11853,2.700,19,1044,0.1793,0.1919,0.2229,0.1915
_SO,10001324,50ETF沽12月2600,0.1705,0.0311,22.31%,4396,7149905,7027,2.600,47,280,0.1394,0.1468,0.1709,0.1468
_SO,10001486,50ETF沽11月2750,0.2661,0.0458,20.79%,1995,5068785,5967,2.750,19,349,0.2203,0.2322,0.2661,0.2322
_SO,10001325,50ETF沽12月2650,0.2051,0.0343,20.08%,3590,7071033,5500,2.650,47,1435,0.1708,0.1781,0.2056,0.1781
_SO,10001487,50ETF沽11月2800,0.3135,0.0501,19.02%,1855,5500374,2979,2.800,19,251,0.2634,0.2751,0.3135,0.2746
_SO,10001326,50ETF沽12月2700,0.2424,0.0371,18.07%,2492,5781868,6461,2.700,47,1221,0.2053,0.2133,0.2424,0.2133
_SO,10001440,50ETF沽3月2250,0.0638,0.0097,17.93%,654,405133,8585,2.250,138,76,0.0541,0.0571,0.0640,0.0557
_SO,10001442,50ETF沽3月2200,0.0507,0.0072,16.55%,1069,527378,12594,2.200,138,-55,0.0435,0.0480,0.0510,0.0472
_SO,10001426,50ETF沽3月2400,0.1163,0.0163,16.30%,1174,1320672,5979,2.400,138,497,0.1000,0.1031,0.1163,0.1031
_SO,10001327,50ETF沽12月2750,0.2810,0.0390,16.12%,818,2205709,3978,2.750,47,222,0.2420,0.2506,0.2899,0.2506
_SO,10001438,50ETF沽3月2300,0.0787,0.0109,16.08%,1087,831695,3852,2.300,138,-71,0.0678,0.0700,0.0793,0.0700
_SO,10001488,50ETF沽11月2850,0.3599,0.0469,14.98%,2570,8932073,4515,2.850,19,471,0.3130,0.3234,0.3605,0.3234
_SO,10001436,50ETF沽3月2350,0.0957,0.0121,14.47%,724,676535,3534,2.350,138,-94,0.0836,0.0850,0.0963,0.0850
_SO,10001428,50ETF沽3月2500,0.1625,0.0204,14.36%,897,1412574,3610,2.500,138,-75,0.1421,0.1458,0.1626,0.1458
_SO,10001427,50ETF沽3月2450,0.1376,0.0172,14.29%,1018,1379766,4930,2.450,138,-138,0.1204,0.1305,0.1386,0.1303
_SO,10001429,50ETF沽3月2550,0.1891,0.0234,14.12%,611,1126288,2873,2.550,138,-179,0.1657,0.1700,0.1891,0.1700
_SO,10001328,50ETF沽12月2800,0.3231,0.0394,13.89%,602,1882283,3826,2.800,47,137,0.2837,0.2933,0.3231,0.2900
_SO,10001430,50ETF沽3月2600,0.2180,0.0263,13.72%,916,1946759,4272,2.600,138,-325,0.1917,0.1979,0.2182,0.1979
_SO,10001520,50ETF沽6月2300,0.1087,0.0128,13.35%,408,434405,2015,2.300,229,128,0.0959,0.1035,0.1095,0.1035
_SO,10001329,50ETF沽12月2850,0.3651,0.0429,13.31%,317,1124124,2444,2.850,47,76,0.3222,0.3435,0.3661,0.3428
_SO,10001330,50ETF沽12月2900,0.4118,0.0472,12.95%,90,359717,3135,2.900,47,27,0.3646,0.3803,0.4124,0.3803
_SO,10001510,50ETF沽6月2350,0.1277,0.0146,12.91%,312,386946,2475,2.350,229,40,0.1131,0.1145,0.1277,0.1145
_SO,10001431,50ETF沽3月2650,0.2484,0.0282,12.81%,270,656721,1394,2.650,138,69,0.2202,0.2268,0.2487,0.2268
_SO,10001432,50ETF沽3月2700,0.2818,0.0317,12.67%,184,505114,2409,2.700,138,-33,0.2501,0.2577,0.2828,0.2577
_SO,10001511,50ETF沽6月2400,0.1486,0.0162,12.24%,736,1067701,2270,2.400,229,-145,0.1324,0.1350,0.1492,0.1350
_SO,10001512,50ETF沽6月2450,0.1708,0.0178,11.63%,466,782431,2936,2.450,229,211,0.1530,0.1617,0.1730,0.1617
_SO,10001522,50ETF沽6月2250,0.0909,0.0093,11.40%,759,678715,2834,2.250,229,358,0.0816,0.0820,0.0921,0.0820
_SO,10001433,50ETF沽3月2750,0.3164,0.0315,11.06%,110,341676,2078,2.750,138,-6,0.2849,0.2973,0.3164,0.2973
_SO,10001334,50ETF沽12月2950,0.4580,0.0450,10.90%,208,930040,8410,2.950,47,27,0.4130,0.4120,0.4580,0.4120
_SO,10001514,50ETF沽6月2550,0.2213,0.0214,10.71%,591,1278568,1961,2.550,229,58,0.1999,0.2080,0.2230,0.2080
_SO,10001513,50ETF沽6月2500,0.1954,0.0188,10.65%,411,784805,2321,2.500,229,173,0.1766,0.1876,0.1965,0.1833
_SO,10001516,50ETF沽6月2650,0.2802,0.0265,10.45%,262,718926,1191,2.650,229,-13,0.2537,0.2682,0.2802,0.2682
_SO,10001515,50ETF沽6月2600,0.2494,0.0225,9.92%,325,799176,1967,2.600,229,-52,0.2269,0.2351,0.2501,0.2351
_SO,10001470,50ETF沽3月2850,0.3900,0.0341,9.58%,253,962547,2833,2.850,138,105,0.3559,0.3600,0.3900,0.3600
_SO,10001434,50ETF沽3月2800,0.3496,0.0303,9.49%,169,578161,3416,2.800,138,50,0.3193,0.3308,0.3500,0.3308
_SO,10001517,50ETF沽6月2700,0.3104,0.0259,9.10%,196,601495,432,2.700,229,98,0.2845,0.3006,0.3119,0.3006
_SO,10001518,50ETF沽6月2750,0.3432,0.0278,8.81%,175,590150,822,2.750,229,32,0.3154,0.3125,0.3432,0.3124
_SO,10001524,50ETF沽6月2800,0.3768,0.0287,8.24%,175,645101,300,2.800,229,-27,0.3481,0.3580,0.3777,0.3580
_SO,10001519,50ETF购6月2300,0.3566,-0.0296,-7.66%,147,533863,1525,2.300,229,38,0.3862,0.3706,0.3717,0.3566
_SO,10001437,50ETF购3月2300,0.3100,-0.0287,-8.47%,472,1483438,3061,2.300,138,49,0.3387,0.3266,0.3268,0.3100
_SO,10001439,50ETF购3月2250,0.3483,-0.0336,-8.80%,144,509408,1173,2.250,138,-49,0.3819,0.3620,0.3629,0.3481
_SO,10001504,50ETF购6月2500,0.2450,-0.0237,-8.82%,480,1203597,2241,2.500,229,-58,0.2687,0.2580,0.2580,0.2449
_SO,10001505,50ETF购6月2550,0.2223,-0.0216,-8.86%,903,2057785,3130,2.550,229,390,0.2439,0.2378,0.2378,0.2223
_SO,10001506,50ETF购6月2600,0.2019,-0.0199,-8.97%,472,974219,2853,2.600,229,-108,0.2218,0.2096,0.2100,0.2017
_SO,10001441,50ETF购3月2200,0.3804,-0.0384,-9.17%,477,1863803,5989,2.200,138,238,0.4188,0.4011,0.4019,0.3804
_SO,10001501,50ETF购6月2350,0.3274,-0.0331,-9.18%,80,265216,1181,2.350,229,27,0.3605,0.3455,0.3455,0.3252
_SO,10001521,50ETF购6月2250,0.3872,-0.0402,-9.41%,212,838072,519,2.250,229,73,0.4274,0.4033,0.4038,0.3872
_SO,10001503,50ETF购6月2450,0.2708,-0.0286,-9.55%,223,612768,1986,2.450,229,37,0.2994,0.2910,0.2910,0.2690
_SO,10001523,50ETF购6月2800,0.1349,-0.0143,-9.58%,924,1272635,2079,2.800,229,255,0.1492,0.1429,0.1429,0.1349
_SO,10001508,50ETF购6月2700,0.1638,-0.0175,-9.65%,368,625555,1761,2.700,229,129,0.1813,0.1767,0.1772,0.1638
_SO,10001507,50ETF购6月2650,0.1812,-0.0194,-9.67%,240,449052,1639,2.650,229,34,0.2006,0.1928,0.1928,0.1812
_SO,10001502,50ETF购6月2400,0.2976,-0.0321,-9.74%,105,316259,910,2.400,229,14,0.3297,0.3054,0.3074,0.2973
_SO,10001509,50ETF购6月2750,0.1473,-0.0164,-10.02%,617,942060,3698,2.750,229,243,0.1637,0.1591,0.1591,0.1473
_SO,10001435,50ETF购3月2350,0.2794,-0.0314,-10.10%,202,577207,640,2.350,138,-29,0.3108,0.2971,0.2971,0.2793
_SO,10001417,50ETF购3月2400,0.2478,-0.0296,-10.67%,213,542751,1444,2.400,138,29,0.2774,0.2694,0.2694,0.2478
_SO,10001418,50ETF购3月2450,0.2200,-0.0275,-11.11%,698,1583623,3130,2.450,138,266,0.2475,0.2390,0.2390,0.2200
_SO,10001423,50ETF购3月2700,0.1171,-0.0149,-11.29%,822,994718,6132,2.700,138,129,0.1320,0.1288,0.1302,0.1165
_SO,10001419,50ETF购3月2500,0.1950,-0.0249,-11.32%,2013,4067323,6349,2.500,138,-151,0.2199,0.2150,0.2150,0.1950
_SO,10001469,50ETF购3月2850,0.0765,-0.0102,-11.76%,2273,1824587,10422,2.850,138,-324,0.0867,0.0841,0.0841,0.0765
_SO,10001422,50ETF购3月2650,0.1322,-0.0180,-11.98%,589,805339,4651,2.650,138,-55,0.1502,0.1448,0.1448,0.1322
_SO,10001420,50ETF购3月2550,0.1720,-0.0236,-12.07%,731,1307516,4806,2.550,138,22,0.1956,0.1888,0.1888,0.1720
_SO,10001424,50ETF购3月2750,0.1011,-0.0141,-12.24%,1308,1379800,5484,2.750,138,2,0.1152,0.1116,0.1117,0.1011
_SO,10001425,50ETF购3月2800,0.0879,-0.0123,-12.28%,1755,1612012,12325,2.800,138,494,0.1002,0.0961,0.0970,0.0879
_SO,10001421,50ETF购3月2600,0.1505,-0.0216,-12.55%,786,1230290,6854,2.600,138,54,0.1721,0.1654,0.1654,0.1505
_SO,10001383,50ETF购12月2250,0.2737,-0.0417,-13.22%,314,891467,1736,2.250,47,57,0.3154,0.2953,0.2974,0.2737
_SO,10001411,50ETF购12月2200,0.3150,-0.0501,-13.72%,936,3054733,4057,2.200,47,657,0.3651,0.3508,0.3508,0.3150
_SO,10001499,50ETF购11月2200,0.2938,-0.0510,-14.79%,3209,9857025,4424,2.200,19,342,0.3448,0.3301,0.3315,0.2937
_SO,10001377,50ETF购12月2300,0.2351,-0.0410,-14.85%,475,1167084,3944,2.300,47,140,0.2761,0.2660,0.2660,0.2351
_SO,10001369,50ETF购12月2350,0.1985,-0.0390,-16.42%,815,1703105,5232,2.350,47,147,0.2375,0.2276,0.2276,0.1980
_SO,10001359,50ETF购12月2400,0.1660,-0.0340,-17.00%,1405,2464686,4424,2.400,47,326,0.2000,0.1921,0.1921,0.1660
_SO,10001493,50ETF购11月2250,0.2462,-0.0507,-17.08%,1509,3884557,4453,2.250,19,316,0.2969,0.2873,0.2873,0.2462
_SO,10001331,50ETF购12月2450,0.1372,-0.0320,-18.91%,2116,3068068,7649,2.450,47,169,0.1692,0.1600,0.1600,0.1372
_SO,10001494,50ETF购11月2300,0.2035,-0.0483,-19.18%,2881,6194535,4793,2.300,19,560,0.2518,0.2376,0.2376,0.2033
_SO,10001313,50ETF购12月2500,0.1120,-0.0271,-19.48%,6820,8165973,15111,2.500,47,1481,0.1391,0.1325,0.1325,0.1120
_SO,10001314,50ETF购12月2550,0.0900,-0.0239,-20.98%,7513,7268711,18248,2.550,47,2029,0.1139,0.1070,0.1071,0.0900
_SO,10001316,50ETF购12月2650,0.0567,-0.0151,-21.03%,8406,5130532,19450,2.650,47,1861,0.0718,0.0650,0.0666,0.0567
_SO,10001489,50ETF购11月2350,0.1627,-0.0455,-21.85%,7863,13791855,8972,2.350,19,2336,0.2082,0.1966,0.1966,0.1626
_SO,10001315,50ETF购12月2600,0.0708,-0.0207,-22.62%,10964,8528842,23286,2.600,47,3648,0.0915,0.0859,0.0880,0.0708
_SO,10001317,50ETF购12月2700,0.0444,-0.0131,-22.78%,8104,3884651,28517,2.700,47,1626,0.0575,0.0485,0.0515,0.0444
_SO,10001319,50ETF购12月2800,0.0260,-0.0080,-23.53%,4045,1136357,20473,2.800,47,827,0.0340,0.0300,0.0302,0.0260
_SO,10001490,50ETF购11月2400,0.1269,-0.0399,-23.92%,12935,17718707,18213,2.400,19,1743,0.1668,0.1510,0.1540,0.1265
_SO,10001321,50ETF购12月2900,0.0141,-0.0045,-24.19%,6246,961826,35104,2.900,47,299,0.0186,0.0178,0.0178,0.0141
_SO,10001333,50ETF购12月2950,0.0101,-0.0033,-24.63%,9744,1076973,57737,2.950,47,-694,0.0134,0.0120,0.0124,0.0101
_SO,10001318,50ETF购12月2750,0.0330,-0.0114,-25.68%,4996,1842229,19030,2.750,47,594,0.0444,0.0388,0.0401,0.0330
_SO,10001320,50ETF购12月2850,0.0190,-0.0069,-26.64%,6872,1428546,26147,2.850,47,-208,0.0259,0.0200,0.0225,0.0190
_SO,10001471,50ETF购11月2450,0.0943,-0.0374,-28.40%,30228,31907448,35980,2.450,19,7185,0.1317,0.1207,0.1207,0.0943
_SO,10001472,50ETF购11月2500,0.0704,-0.0292,-29.32%,104472,81600020,84264,2.500,19,29584,0.0996,0.0900,0.0900,0.0702
_SO,10001473,50ETF购11月2550,0.0504,-0.0221,-30.48%,128573,74490406,145170,2.550,19,39684,0.0725,0.0660,0.0660,0.0504
_SO,10001474,50ETF购11月2600,0.0345,-0.0170,-33.01%,110078,44529685,154821,2.600,19,27326,0.0515,0.0462,0.0468,0.0345
_SO,10001479,50ETF购11月2850,0.0026,-0.0013,-33.33%,28922,962693,123567,2.850,19,-8115,0.0039,0.0037,0.0038,0.0026
_SO,10001475,50ETF购11月2650,0.0229,-0.0120,-34.38%,55113,15001423,110427,2.650,19,10014,0.0349,0.0300,0.0305,0.0225
_SO,10001478,50ETF购11月2800,0.0043,-0.0023,-34.85%,23170,1264488,91812,2.800,19,2406,0.0066,0.0065,0.0065,0.0042
_SO,10001476,50ETF购11月2700,0.0136,-0.0086,-38.74%,46597,8074851,90199,2.700,19,7603,0.0222,0.0181,0.0193,0.0136
_SO,10001477,50ETF购11月2750,0.0074,-0.0050,-40.32%,35868,3606489,73758,2.750,19,6966,0.0124,0.0115,0.0115,0.0073