_SO,10001479,50ETF购11月2850,0.0009,0.0002,28.57%,15802,144800,100950,2.850,13,-4900,0.0007,0.0009,0.0012,0.0007
_SO,10001474,50ETF购11月2600,0.0254,0.0050,24.51%,83025,19922787,151552,2.600,13,-5385,0.0204,0.0212,0.0269,0.0208
_SO,10001472,50ETF购11月2500,0.0646,0.0120,22.81%,160861,97726621,113058,2.500,13,1163,0.0526,0.0537,0.0664,0.0530
_SO,10001473,50ETF购11月2550,0.0419,0.0076,22.16%,102767,40808926,151149,2.550,13,-3045,0.0343,0.0350,0.0436,0.0345
_SO,10001471,50ETF购11月2450,0.0941,0.0162,20.80%,55206,48732792,41204,2.450,13,-2440,0.0779,0.0790,0.0958,0.0780
_SO,10001475,50ETF购11月2650,0.0140,0.0024,20.69%,40555,5413504,109788,2.650,13,2988,0.0116,0.0111,0.0154,0.0111
_SO,10001489,50ETF购11月2350,0.1700,0.0244,16.76%,9076,14609139,10398,2.350,13,-66,0.1456,0.1465,0.1717,0.1455
_SO,10001490,50ETF购11月2400,0.1280,0.0180,16.36%,19993,24374887,21442,2.400,13,1057,0.1100,0.1082,0.1311,0.1082
_SO,10001476,50ETF购11月2700,0.0075,0.0010,15.38%,33999,2428614,94075,2.700,13,-1326,0.0065,0.0065,0.0085,0.0060
_SO,10001494,50ETF购11月2300,0.2138,0.0268,14.33%,3133,6406555,5354,2.300,13,-412,0.1870,0.1896,0.2168,0.1880
_SO,10001493,50ETF购11月2250,0.2609,0.0286,12.31%,3088,7729346,4556,2.250,13,-563,0.2323,0.2300,0.2634,0.2300
_SO,10001369,50ETF购12月2350,0.2016,0.0210,11.63%,1976,3837152,5196,2.350,41,-166,0.1806,0.1855,0.2042,0.1832
_SO,10001359,50ETF购12月2400,0.1668,0.0171,11.42%,2488,3994611,5887,2.400,41,936,0.1497,0.1527,0.1690,0.1515
_SO,10001313,50ETF购12月2500,0.1085,0.0111,11.40%,19033,19985211,24218,2.500,41,59,0.0974,0.0988,0.1105,0.0977
_SO,10001331,50ETF购12月2450,0.1354,0.0132,10.80%,4613,6005314,10421,2.450,41,881,0.1222,0.1183,0.1380,0.1183
_SO,10001315,50ETF购12月2600,0.0658,0.0063,10.59%,11469,7364600,31922,2.600,41,825,0.0595,0.0594,0.0683,0.0594
_SO,10001499,50ETF购11月2200,0.3100,0.0292,10.40%,2701,8134398,4676,2.200,13,-263,0.2808,0.2863,0.3119,0.2820
_SO,10001314,50ETF购12月2550,0.0845,0.0077,10.03%,10366,8582406,22007,2.550,41,494,0.0768,0.0777,0.0875,0.0773
_SO,10001316,50ETF购12月2650,0.0494,0.0043,9.53%,7440,3628121,25140,2.650,41,788,0.0451,0.0438,0.0524,0.0438
_SO,10001383,50ETF购12月2250,0.2812,0.0237,9.20%,1187,3252968,2413,2.250,41,529,0.2575,0.2627,0.2819,0.2588
_SO,10001377,50ETF购12月2300,0.2371,0.0193,8.86%,1052,2452349,4442,2.300,41,274,0.2178,0.2223,0.2420,0.2196
_SO,10001411,50ETF购12月2200,0.3237,0.0243,8.12%,1829,5782037,5175,2.200,41,540,0.2994,0.2994,0.3280,0.2994
_SO,10001317,50ETF购12月2700,0.0369,0.0025,7.27%,10100,3689363,30521,2.700,41,-965,0.0344,0.0350,0.0395,0.0346
_SO,10001318,50ETF购12月2750,0.0271,0.0017,6.69%,6850,1825800,22688,2.750,41,1344,0.0254,0.0256,0.0292,0.0251
_SO,10001478,50ETF购11月2800,0.0017,0.0001,6.25%,13662,241172,70570,2.800,13,-4713,0.0016,0.0017,0.0021,0.0014
_SO,10001441,50ETF购3月2200,0.3809,0.0194,5.37%,157,586160,6020,2.200,132,37,0.3615,0.3679,0.3849,0.3650
_SO,10001435,50ETF购3月2350,0.2730,0.0136,5.24%,70,185556,616,2.350,132,27,0.2594,0.2625,0.2752,0.2625
_SO,10001418,50ETF购3月2450,0.2138,0.0103,5.06%,185,388529,3733,2.450,132,-12,0.2035,0.2087,0.2157,0.2063
_SO,10001502,50ETF购6月2400,0.2993,0.0130,4.54%,124,364338,1049,2.400,223,18,0.2863,0.2879,0.3003,0.2873
_SO,10001419,50ETF购3月2500,0.1882,0.0081,4.50%,639,1183792,6384,2.500,132,134,0.1801,0.1801,0.1908,0.1790
_SO,10001506,50ETF购6月2600,0.1999,0.0086,4.50%,77,153273,3053,2.600,223,41,0.1913,0.1947,0.2012,0.1935
_SO,10001504,50ETF购6月2500,0.2448,0.0105,4.48%,155,375916,2374,2.500,223,5,0.2343,0.2380,0.2479,0.2377
_SO,10001417,50ETF购3月2400,0.2414,0.0101,4.37%,361,864202,1981,2.400,132,134,0.2313,0.2345,0.2451,0.2316
_SO,10001519,50ETF购6月2300,0.3603,0.0148,4.28%,224,793321,2890,2.300,223,44,0.3455,0.3471,0.3619,0.3455
_SO,10001505,50ETF购6月2550,0.2210,0.0090,4.25%,207,455357,3399,2.550,223,5,0.2120,0.2148,0.2236,0.2133
_SO,10001439,50ETF购3月2250,0.3401,0.0138,4.23%,88,293132,1164,2.250,132,-22,0.3263,0.3317,0.3415,0.3273
_SO,10001420,50ETF购3月2550,0.1644,0.0063,3.98%,308,502787,5058,2.550,132,-57,0.1581,0.1581,0.1683,0.1578
_SO,10001501,50ETF购6月2350,0.3272,0.0121,3.84%,108,347914,1120,2.350,223,28,0.3151,0.3156,0.3296,0.3156
_SO,10001421,50ETF购3月2600,0.1436,0.0052,3.76%,538,768454,7123,2.600,132,24,0.1384,0.1404,0.1473,0.1380
_SO,10001422,50ETF购3月2650,0.1245,0.0045,3.75%,503,621559,4858,2.650,132,174,0.1200,0.1222,0.1276,0.1200
_SO,10001509,50ETF购6月2750,0.1456,0.0049,3.48%,309,444300,3749,2.750,223,-120,0.1407,0.1430,0.1473,0.1408
_SO,10001503,50ETF购6月2450,0.2684,0.0090,3.47%,136,365297,2139,2.450,223,-,0.2594,0.2611,0.2729,0.2611
_SO,10001508,50ETF购6月2700,0.1613,0.0053,3.40%,81,129083,1666,2.700,223,-6,0.1560,0.1590,0.1628,0.1560
_SO,10001423,50ETF购3月2700,0.1075,0.0034,3.27%,273,292307,6429,2.700,132,32,0.1041,0.1059,0.1109,0.1040
_SO,10001507,50ETF购6月2650,0.1784,0.0051,2.94%,36,65260,1770,2.650,223,8,0.1733,0.1742,0.1834,0.1742
_SO,10001437,50ETF购3月2300,0.3049,0.0085,2.87%,100,301236,3166,2.300,132,-3,0.2964,0.2951,0.3087,0.2947
_SO,10001523,50ETF购6月2800,0.1305,0.0036,2.84%,451,583067,2321,2.800,223,125,0.1269,0.1278,0.1324,0.1255
_SO,10001424,50ETF购3月2750,0.0925,0.0021,2.32%,602,554030,5633,2.750,132,32,0.0904,0.0916,0.0961,0.0896
_SO,10001521,50ETF购6月2250,0.3900,0.0087,2.28%,260,1011819,690,2.250,223,72,0.3813,0.3789,0.3950,0.3789
_SO,10001319,50ETF购12月2800,0.0188,0.0004,2.17%,5404,1026479,26381,2.800,41,213,0.0184,0.0186,0.0212,0.0177
_SO,10001320,50ETF购12月2850,0.0132,0.0002,1.54%,11639,1530326,32498,2.850,41,3024,0.0130,0.0133,0.0151,0.0120
_SO,10001425,50ETF购3月2800,0.0780,0.0010,1.30%,817,641217,12741,2.800,132,55,0.0770,0.0790,0.0831,0.0764
_SO,10001469,50ETF购3月2850,0.0669,0.0003,0.45%,1782,1201860,12917,2.850,132,931,0.0666,0.0681,0.0718,0.0653
_SO,10001477,50ETF购11月2750,0.0030,0.0000,0.00%,19392,634641,79504,2.750,13,-424,0.0030,0.0028,0.0039,0.0028
_SO,10001321,50ETF购12月2900,0.0093,-0.0002,-2.11%,9861,904987,38387,2.900,41,-392,0.0095,0.0094,0.0106,0.0081
_SO,10001470,50ETF沽3月2850,0.3735,-0.0115,-2.99%,215,821423,2808,2.850,132,-,0.3850,0.3919,0.3958,0.3710
_SO,10001434,50ETF沽3月2800,0.3359,-0.0199,-5.59%,195,675814,3402,2.800,132,17,0.3558,0.3570,0.3605,0.3350
_SO,10001517,50ETF沽6月2700,0.2948,-0.0175,-5.60%,185,556943,596,2.700,223,52,0.3123,0.3129,0.3146,0.2931
_SO,10001518,50ETF沽6月2750,0.3264,-0.0218,-6.26%,116,384866,842,2.750,223,9,0.3482,0.3462,0.3466,0.3252
_SO,10001333,50ETF购12月2950,0.0062,-0.0005,-7.46%,14137,903247,59027,2.950,41,-1903,0.0067,0.0067,0.0077,0.0056
_SO,10001334,50ETF沽12月2950,0.4389,-0.0361,-7.60%,747,3341401,8657,2.950,41,64,0.4750,0.4576,0.4648,0.4358
_SO,10001433,50ETF沽3月2750,0.2998,-0.0249,-7.67%,270,838820,2234,2.750,132,94,0.3247,0.3203,0.3226,0.2980
_SO,10001330,50ETF沽12月2900,0.3922,-0.0328,-7.72%,493,1968191,3229,2.900,41,-46,0.4250,0.4149,0.4191,0.3897
_SO,10001524,50ETF沽6月2800,0.3597,-0.0310,-7.93%,234,869776,327,2.800,223,-16,0.3907,0.3806,0.3806,0.3597
_SO,10001432,50ETF沽3月2700,0.2654,-0.0236,-8.17%,184,509061,2586,2.700,132,81,0.2890,0.2848,0.2857,0.2644
_SO,10001329,50ETF沽12月2850,0.3471,-0.0309,-8.17%,690,2462953,2743,2.850,41,27,0.3780,0.3692,0.3729,0.3441
_SO,10001515,50ETF沽6月2600,0.2341,-0.0213,-8.34%,71,173009,2308,2.600,223,42,0.2554,0.2509,0.2520,0.2339
_SO,10001328,50ETF沽12月2800,0.3030,-0.0291,-8.76%,848,2640375,4028,2.800,41,-17,0.3321,0.3256,0.3287,0.3007
_SO,10001516,50ETF沽6月2650,0.2632,-0.0258,-8.93%,123,334795,1187,2.650,223,-21,0.2890,0.2813,0.2828,0.2620
_SO,10001513,50ETF沽6月2500,0.1810,-0.0179,-9.00%,555,1035969,2476,2.500,223,82,0.1989,0.1962,0.1977,0.1800
_SO,10001431,50ETF沽3月2650,0.2318,-0.0230,-9.03%,168,411996,1400,2.650,132,16,0.2548,0.2513,0.2531,0.2309
_SO,10001514,50ETF沽6月2550,0.2064,-0.0206,-9.07%,152,320062,2033,2.550,223,-46,0.2270,0.2270,0.2270,0.2049
_SO,10001488,50ETF沽11月2850,0.3407,-0.0343,-9.15%,1448,5086254,4436,2.850,13,-97,0.3750,0.3656,0.3667,0.3382
_SO,10001429,50ETF沽3月2550,0.1740,-0.0182,-9.47%,293,521316,2829,2.550,132,87,0.1922,0.1895,0.1905,0.1727
_SO,10001430,50ETF沽3月2600,0.2010,-0.0211,-9.50%,357,749033,4027,2.600,132,-17,0.2221,0.2201,0.2207,0.2010
_SO,10001327,50ETF沽12月2750,0.2610,-0.0277,-9.59%,1045,2799205,3855,2.750,41,-66,0.2887,0.2823,0.2863,0.2580
_SO,10001512,50ETF沽6月2450,0.1578,-0.0170,-9.73%,143,236171,3158,2.450,223,24,0.1748,0.1738,0.1738,0.1577
_SO,10001427,50ETF沽3月2450,0.1248,-0.0136,-9.83%,534,688247,4836,2.450,132,-31,0.1384,0.1384,0.1392,0.1226
_SO,10001428,50ETF沽3月2500,0.1487,-0.0163,-9.88%,687,1042313,4035,2.500,132,71,0.1650,0.1633,0.1655,0.1459
_SO,10001511,50ETF沽6月2400,0.1372,-0.0156,-10.21%,97,136125,2279,2.400,223,16,0.1528,0.1489,0.1506,0.1350
_SO,10001487,50ETF沽11月2800,0.2915,-0.0335,-10.31%,1732,5220807,2524,2.800,13,-559,0.3250,0.3146,0.3190,0.2893
_SO,10001326,50ETF沽12月2700,0.2212,-0.0258,-10.45%,2551,5924724,7838,2.700,41,16,0.2470,0.2423,0.2459,0.2188
_SO,10001520,50ETF沽6月2300,0.0994,-0.0123,-11.01%,168,171868,2151,2.300,223,64,0.1117,0.1094,0.1101,0.0973
_SO,10001510,50ETF沽6月2350,0.1161,-0.0147,-11.24%,174,211880,2491,2.350,223,-58,0.1308,0.1278,0.1296,0.1161
_SO,10001486,50ETF沽11月2750,0.2432,-0.0318,-11.56%,2496,6334709,5918,2.750,13,-190,0.2750,0.2663,0.2709,0.2408
_SO,10001426,50ETF沽3月2400,0.1031,-0.0145,-12.33%,366,384930,5974,2.400,132,19,0.1176,0.1150,0.1169,0.1024
_SO,10001522,50ETF沽6月2250,0.0820,-0.0117,-12.49%,1413,1249966,4301,2.250,223,781,0.0937,0.0955,0.0961,0.0820
_SO,10001325,50ETF沽12月2650,0.1833,-0.0265,-12.63%,2384,4623910,6649,2.650,41,67,0.2098,0.2035,0.2073,0.1807
_SO,10001485,50ETF沽11月2700,0.1974,-0.0287,-12.69%,3601,7503974,10688,2.700,13,-199,0.2261,0.2225,0.2255,0.1950
_SO,10001324,50ETF沽12月2600,0.1502,-0.0229,-13.23%,5216,8299024,8822,2.600,41,409,0.1731,0.1697,0.1720,0.1474
_SO,10001436,50ETF沽3月2350,0.0847,-0.0131,-13.39%,302,268110,3603,2.350,132,26,0.0978,0.0954,0.0966,0.0838
_SO,10001438,50ETF沽3月2300,0.0680,-0.0109,-13.81%,706,501283,4082,2.300,132,-48,0.0789,0.0780,0.0780,0.0671
_SO,10001323,50ETF沽12月2550,0.1197,-0.0203,-14.50%,6993,8781585,12260,2.550,41,1074,0.1400,0.1378,0.1391,0.1174
_SO,10001440,50ETF沽3月2250,0.0541,-0.0097,-15.20%,2472,1445070,10215,2.250,132,811,0.0638,0.0672,0.0676,0.0533
_SO,10001484,50ETF沽11月2650,0.1539,-0.0277,-15.25%,6229,10151864,17526,2.650,13,522,0.1816,0.1788,0.1809,0.1517
_SO,10001322,50ETF沽12月2500,0.0936,-0.0194,-17.17%,14877,14731700,20447,2.500,41,2948,0.1130,0.1093,0.1149,0.0910
_SO,10001483,50ETF沽11月2600,0.1149,-0.0251,-17.93%,20275,25167687,49463,2.600,13,-907,0.1400,0.1387,0.1403,0.1131
_SO,10001442,50ETF沽3月2200,0.0419,-0.0098,-18.96%,2082,960630,13283,2.200,132,391,0.0517,0.0500,0.0513,0.0411
_SO,10001360,50ETF沽12月2400,0.0517,-0.0121,-18.97%,9283,5125318,17554,2.400,41,1535,0.0638,0.0631,0.0634,0.0504
_SO,10001332,50ETF沽12月2450,0.0699,-0.0164,-19.00%,9615,7312970,16029,2.450,41,3185,0.0863,0.0843,0.0893,0.0688
_SO,10001370,50ETF沽12月2350,0.0356,-0.0094,-20.89%,7333,2835126,24900,2.350,41,1907,0.0450,0.0456,0.0456,0.0353
_SO,10001482,50ETF沽11月2550,0.0809,-0.0230,-22.14%,52744,46776783,61281,2.550,13,-2425,0.1039,0.1042,0.1042,0.0796
_SO,10001378,50ETF沽12月2300,0.0245,-0.0076,-23.68%,4517,1210659,20056,2.300,41,169,0.0321,0.0317,0.0320,0.0240
_SO,10001481,50ETF沽11月2500,0.0540,-0.0184,-25.41%,124060,75505868,78861,2.500,13,10277,0.0724,0.0708,0.0726,0.0531
_SO,10001384,50ETF沽12月2250,0.0155,-0.0057,-26.89%,8153,1405731,26051,2.250,41,1978,0.0212,0.0211,0.0212,0.0152
_SO,10001480,50ETF沽11月2450,0.0343,-0.0130,-27.48%,81654,31926446,86710,2.450,13,4715,0.0473,0.0468,0.0474,0.0333
_SO,10001412,50ETF沽12月2200,0.0100,-0.0040,-28.57%,13036,1444694,56144,2.200,41,3942,0.0140,0.0134,0.0138,0.0095
_SO,10001492,50ETF沽11月2400,0.0192,-0.0089,-31.67%,48328,10995054,78931,2.400,13,4822,0.0281,0.0272,0.0283,0.0181
_SO,10001500,50ETF沽11月2200,0.0010,-0.0005,-33.33%,5628,64921,65507,2.200,13,-477,0.0015,0.0016,0.0016,0.0009
_SO,10001491,50ETF沽11月2350,0.0100,-0.0053,-34.64%,30068,3430784,86480,2.350,13,2072,0.0153,0.0154,0.0154,0.0088
_SO,10001496,50ETF沽11月2300,0.0046,-0.0026,-36.11%,27205,1447111,103007,2.300,13,-1757,0.0072,0.0075,0.0076,0.0041
_SO,10001495,50ETF沽11月2250,0.0020,-0.0020,-50.00%,16617,398960,59071,2.250,13,-3897,0.0040,0.0035,0.0035,0.0018