_SO,10001631,50ETF购12月2150,0.1543,0.0023,1.51%,1964,2915224,825,2.150,2,-347,0.1520,0.1397,0.1617,0.1350
_SO,10001637,50ETF购6月2150,0.2750,0.0040,1.48%,604,1618349,720,2.150,184,182,0.2710,0.2634,0.2773,0.2602
_SO,10001411,50ETF购12月2156A,0.1486,0.0020,1.36%,2254,3300741,4426,2.156,2,-573,0.1466,0.1389,0.1569,0.1291
_SO,10001521,50ETF购6月2205A,0.2386,0.0028,1.19%,283,671552,1751,2.205,184,-2,0.2358,0.2299,0.2411,0.2281
_SO,10001629,50ETF购6月2200,0.2408,0.0028,1.18%,1713,4048944,1889,2.200,184,1298,0.2380,0.2300,0.2419,0.2300
_SO,10001645,50ETF购6月2100,0.3072,0.0035,1.15%,201,609311,150,2.100,184,150,0.3037,0.2988,0.3082,0.2947
_SO,10001519,50ETF购6月2254A,0.2083,0.0022,1.07%,159,332010,1721,2.254,184,-54,0.2061,0.2022,0.2119,0.2006
_SO,10001597,50ETF购6月2250,0.2105,0.0021,1.01%,2046,4240665,2000,2.250,184,1240,0.2084,0.2000,0.2138,0.2000
_SO,10001641,50ETF购1月2100,0.2209,0.0020,0.91%,2682,5787829,856,2.100,30,856,0.2189,0.2095,0.2302,0.2054
_SO,10001639,50ETF购12月2100,0.2043,0.0014,0.69%,560,1097757,165,2.100,2,165,0.2029,0.1942,0.2122,0.1816
_SO,10001623,50ETF购12月2200,0.1054,0.0005,0.48%,9208,9207861,3401,2.200,2,-409,0.1049,0.0921,0.1136,0.0865
_SO,10001501,50ETF购6月2303A,0.1802,0.0008,0.45%,265,481737,573,2.303,184,-48,0.1794,0.1722,0.1844,0.1619
_SO,10001502,50ETF购6月2352A,0.1558,0.0004,0.26%,462,730535,844,2.352,184,-169,0.1554,0.1559,0.1602,0.1506
_SO,10001383,50ETF购12月2205A,0.1010,0.0001,0.10%,3924,3806047,2374,2.205,2,-591,0.1009,0.0942,0.1101,0.0812
_SO,10001333,50ETF购12月2892A,0.0001,0.0000,0.00%,2346,2841,60772,2.892,2,392,0.0001,0.0001,0.0002,0.0001
_SO,10001321,50ETF购12月2843A,0.0001,0.0000,0.00%,1477,1764,36606,2.843,2,267,0.0001,0.0001,0.0002,0.0001
_SO,10001598,50ETF购6月2300,0.1810,-0.0001,-0.06%,631,1131215,981,2.300,184,167,0.1811,0.1691,0.1878,0.1650
_SO,10001503,50ETF购6月2401A,0.1330,-0.0007,-0.52%,302,406982,1178,2.401,184,-56,0.1337,0.1314,0.1389,0.1287
_SO,10001329,50ETF沽12月2794A,0.4893,-0.0033,-0.67%,388,1962808,1582,2.794,2,-12,0.4926,0.5063,0.5095,0.4843
_SO,10001633,50ETF购1月2150,0.1761,-0.0014,-0.79%,5173,8922124,4768,2.150,30,173,0.1775,0.1700,0.1862,0.1619
_SO,10001516,50ETF沽6月2598A,0.3031,-0.0024,-0.79%,70,219396,1403,2.598,184,17,0.3055,0.3160,0.3160,0.3007
_SO,10001334,50ETF沽12月2892A,0.5863,-0.0047,-0.80%,1070,6451226,5957,2.892,2,-600,0.5910,0.6014,0.6073,0.5826
_SO,10001643,50ETF购3月2100,0.2574,-0.0021,-0.81%,252,647558,146,2.100,93,146,0.2595,0.2484,0.2668,0.2484
_SO,10001600,50ETF购6月2400,0.1334,-0.0011,-0.82%,657,857761,1316,2.400,184,69,0.1345,0.1342,0.1398,0.1282
_SO,10001325,50ETF沽12月2598A,0.2934,-0.0028,-0.95%,2272,6966355,3293,2.598,2,-1022,0.2962,0.3089,0.3161,0.2861
_SO,10001560,50ETF沽12月2650,0.3454,-0.0033,-0.95%,587,2059553,1276,2.650,2,-174,0.3487,0.3637,0.3646,0.3377
_SO,10001328,50ETF沽12月2745A,0.4395,-0.0044,-0.99%,1240,5632929,3430,2.745,2,-188,0.4439,0.4587,0.4599,0.4339
_SO,10001599,50ETF购6月2350,0.1562,-0.0019,-1.20%,735,1125674,815,2.350,184,-309,0.1581,0.1465,0.1614,0.1406
_SO,10001330,50ETF沽12月2843A,0.5371,-0.0066,-1.21%,523,2906702,1675,2.843,2,-156,0.5437,0.5538,0.5589,0.5311
_SO,10001326,50ETF沽12月2647A,0.3420,-0.0042,-1.21%,4734,16773548,2318,2.647,2,-2956,0.3462,0.3611,0.3622,0.3361
_SO,10001601,50ETF购6月2450,0.1133,-0.0014,-1.22%,351,395213,932,2.450,184,52,0.1147,0.1103,0.1182,0.1094
_SO,10001323,50ETF沽12月2500A,0.1959,-0.0026,-1.31%,8940,18430015,13728,2.500,2,-3311,0.1985,0.2127,0.2183,0.1895
_SO,10001327,50ETF沽12月2696A,0.3904,-0.0057,-1.44%,1359,5509788,2094,2.696,2,-604,0.3961,0.4112,0.4112,0.3842
_SO,10001603,50ETF购6月2550,0.0804,-0.0012,-1.47%,854,679286,1593,2.550,184,-423,0.0816,0.0779,0.0858,0.0776
_SO,10001611,50ETF沽6月2500,0.2324,-0.0035,-1.48%,244,577074,1527,2.500,184,-74,0.2359,0.2453,0.2468,0.2324
_SO,10001505,50ETF购6月2500A,0.0955,-0.0015,-1.55%,381,370444,1923,2.500,184,-60,0.0970,0.0897,0.1009,0.0897
_SO,10001602,50ETF购6月2500,0.0955,-0.0015,-1.55%,1104,1049090,2620,2.500,184,45,0.0970,0.0907,0.1011,0.0907
_SO,10001616,50ETF沽12月2700,0.3936,-0.0064,-1.60%,370,1488604,560,2.700,2,-32,0.4000,0.4151,0.4157,0.3869
_SO,10001557,50ETF沽12月2500,0.1953,-0.0032,-1.61%,7944,16129120,11386,2.500,2,-3965,0.1985,0.2098,0.2193,0.1880
_SO,10001559,50ETF沽12月2600,0.2947,-0.0051,-1.70%,639,1925473,1033,2.600,2,-270,0.2998,0.3127,0.3158,0.2875
_SO,10001558,50ETF沽12月2550,0.2438,-0.0045,-1.81%,4372,10962343,1774,2.550,2,-2578,0.2483,0.2610,0.2670,0.2377
_SO,10001504,50ETF购6月2450A,0.1126,-0.0021,-1.83%,215,245725,2366,2.450,184,-42,0.1147,0.1124,0.1174,0.1096
_SO,10001324,50ETF沽12月2549A,0.2434,-0.0046,-1.85%,4565,11794334,5218,2.549,2,-2199,0.2480,0.2598,0.2656,0.2364
_SO,10001432,50ETF沽3月2647A,0.3392,-0.0070,-2.02%,38,131232,2384,2.647,93,-8,0.3462,0.3468,0.3468,0.3333
_SO,10001322,50ETF沽12月2450A,0.1457,-0.0032,-2.15%,9376,14704751,16966,2.450,2,-5117,0.1489,0.1620,0.1698,0.1400
_SO,10001556,50ETF沽12月2450,0.1453,-0.0036,-2.42%,17460,26930338,17975,2.450,2,-8791,0.1489,0.1600,0.1788,0.1389
_SO,10001576,50ETF沽1月2550,0.2423,-0.0060,-2.42%,1409,3475668,3999,2.550,30,-109,0.2483,0.2566,0.2631,0.2339
_SO,10001525,50ETF购1月2205A,0.1313,-0.0033,-2.45%,1843,2482602,1825,2.205,30,235,0.1346,0.1289,0.1444,0.1205
_SO,10001506,50ETF购6月2549A,0.0802,-0.0021,-2.55%,400,330540,1532,2.549,184,-36,0.0823,0.0745,0.0862,0.0738
_SO,10001540,50ETF沽1月2500A,0.1930,-0.0055,-2.77%,1107,2284754,4063,2.500,30,-4,0.1985,0.2106,0.2184,0.1903
_SO,10001575,50ETF沽1月2500,0.1930,-0.0055,-2.77%,7706,15464176,18979,2.500,30,1090,0.1985,0.2101,0.2180,0.1907
_SO,10001594,50ETF沽3月2550,0.2480,-0.0072,-2.82%,989,2511954,1083,2.550,93,382,0.2552,0.2626,0.2682,0.2472
_SO,10001625,50ETF购1月2200,0.1349,-0.0040,-2.88%,8511,11475889,8626,2.200,30,3103,0.1389,0.1275,0.1467,0.1243
_SO,10001604,50ETF购6月2600,0.0669,-0.0020,-2.90%,566,380474,2520,2.600,184,96,0.0689,0.0635,0.0720,0.0623
_SO,10001635,50ETF购3月2150,0.2173,-0.0067,-2.99%,565,1210031,1991,2.150,93,372,0.2240,0.2108,0.2254,0.2087
_SO,10001430,50ETF沽3月2549A,0.2467,-0.0078,-3.06%,74,192994,3147,2.549,93,-15,0.2545,0.2618,0.2672,0.2467
_SO,10001627,50ETF购3月2200,0.1828,-0.0058,-3.08%,428,780390,1995,2.200,93,75,0.1886,0.1767,0.1932,0.1749
_SO,10001605,50ETF购6月2650,0.0559,-0.0018,-3.12%,502,286236,1149,2.650,184,-11,0.0577,0.0530,0.0606,0.0530
_SO,10001441,50ETF购3月2156A,0.2130,-0.0069,-3.14%,386,837930,6862,2.156,93,163,0.2199,0.2065,0.2256,0.2050
_SO,10001431,50ETF沽3月2598A,0.2868,-0.0094,-3.17%,71,214931,1420,2.598,93,17,0.2962,0.3032,0.3052,0.2857
_SO,10001610,50ETF沽6月2450,0.1960,-0.0070,-3.45%,529,1065825,781,2.450,184,-137,0.2030,0.2005,0.2142,0.1959
_SO,10001439,50ETF购3月2205A,0.1788,-0.0065,-3.51%,288,535765,2150,2.205,93,50,0.1853,0.1734,0.1894,0.1709
_SO,10001595,50ETF沽3月2600,0.2892,-0.0106,-3.54%,262,770739,1236,2.600,93,50,0.2998,0.3054,0.3070,0.2884
_SO,10001429,50ETF沽3月2500A,0.2095,-0.0081,-3.72%,149,332192,2645,2.500,93,-45,0.2176,0.2254,0.2283,0.2089
_SO,10001507,50ETF购6月2598A,0.0668,-0.0026,-3.75%,421,292185,1950,2.598,184,-6,0.0694,0.0639,0.0728,0.0639
_SO,10001621,50ETF购6月2700,0.0453,-0.0018,-3.82%,1078,506335,2683,2.700,184,43,0.0471,0.0440,0.0504,0.0440
_SO,10001613,50ETF沽6月2600,0.2936,-0.0119,-3.90%,108,328759,1010,2.600,184,-28,0.3055,0.3171,0.3187,0.2926
_SO,10001508,50ETF购6月2647A,0.0560,-0.0023,-3.95%,469,278003,1944,2.647,184,-24,0.0583,0.0535,0.0615,0.0535
_SO,10001593,50ETF沽3月2500,0.2089,-0.0087,-4.00%,925,2024441,2260,2.500,93,-80,0.2176,0.2254,0.2298,0.2088
_SO,10001541,50ETF沽1月2549A,0.2378,-0.0102,-4.11%,853,2141246,3175,2.549,30,-45,0.2480,0.2558,0.2655,0.2327
_SO,10001514,50ETF沽6月2500A,0.2260,-0.0099,-4.20%,99,234908,771,2.500,184,50,0.2359,0.2458,0.2458,0.2260
_SO,10001578,50ETF沽1月2650,0.3338,-0.0149,-4.27%,5425,18561514,5679,2.650,30,3146,0.3487,0.3526,0.3572,0.3268
_SO,10001574,50ETF沽1月2450,0.1513,-0.0069,-4.36%,10000,16006354,34897,2.450,30,667,0.1582,0.1675,0.1774,0.1500
_SO,10001437,50ETF购3月2254A,0.1485,-0.0068,-4.38%,1121,1707838,2063,2.254,93,432,0.1553,0.1440,0.1614,0.1410
_SO,10001428,50ETF沽3月2450A,0.1742,-0.0080,-4.39%,259,481869,2321,2.450,93,8,0.1822,0.1905,0.1940,0.1730
_SO,10001523,50ETF购6月2745A,0.0384,-0.0018,-4.48%,1307,525970,9607,2.745,184,275,0.0402,0.0402,0.0418,0.0366
_SO,10001561,50ETF购1月2250,0.1003,-0.0047,-4.48%,17756,17640523,12675,2.250,30,1951,0.1050,0.0981,0.1130,0.0902
_SO,10001509,50ETF购6月2696A,0.0466,-0.0022,-4.51%,472,228234,3543,2.696,184,-34,0.0488,0.0450,0.0507,0.0450
_SO,10001592,50ETF沽3月2450,0.1739,-0.0083,-4.56%,213,396265,3166,2.450,93,34,0.1822,0.1906,0.1945,0.1739
_SO,10001517,50ETF沽6月2647A,0.3303,-0.0159,-4.59%,54,188499,805,2.647,184,5,0.3462,0.3520,0.3527,0.3303
_SO,10001618,50ETF沽1月2700,0.3813,-0.0187,-4.67%,1014,3958918,3110,2.700,30,132,0.4000,0.3998,0.4073,0.3752
_SO,10001539,50ETF沽1月2450A,0.1508,-0.0074,-4.68%,2093,3428195,5492,2.450,30,-24,0.1582,0.1692,0.1755,0.1494
_SO,10001526,50ETF购1月2254A,0.0973,-0.0048,-4.70%,3510,3526562,1949,2.254,30,351,0.1021,0.0924,0.1102,0.0875
_SO,10001542,50ETF沽1月2598A,0.2822,-0.0140,-4.73%,904,2684780,2494,2.598,30,11,0.2962,0.3031,0.3071,0.2771
_SO,10001577,50ETF沽1月2600,0.2852,-0.0146,-4.87%,680,1986906,2408,2.600,30,13,0.2998,0.3051,0.3105,0.2794
_SO,10001579,50ETF购3月2250,0.1499,-0.0077,-4.89%,900,1355095,1153,2.250,93,291,0.1576,0.1463,0.1629,0.1432
_SO,10001332,50ETF沽12月2401A,0.0966,-0.0050,-4.92%,14235,15350985,18177,2.401,2,-6717,0.1016,0.1152,0.1255,0.0914
_SO,10001515,50ETF沽6月2549A,0.2567,-0.0135,-5.00%,171,460665,1409,2.549,184,24,0.2702,0.2799,0.2814,0.2556
_SO,10001612,50ETF沽6月2550,0.2573,-0.0136,-5.02%,85,232633,1255,2.550,184,32,0.2709,0.2808,0.2824,0.2573
_SO,10001609,50ETF沽6月2400,0.1626,-0.0089,-5.19%,744,1290047,1829,2.400,184,-369,0.1715,0.1834,0.1857,0.1625
_SO,10001614,50ETF沽6月2650,0.3303,-0.0184,-5.28%,52,179565,657,2.650,184,11,0.3487,0.3562,0.3562,0.3297
_SO,10001591,50ETF沽3月2400,0.1411,-0.0079,-5.30%,1799,2777279,3878,2.400,93,-48,0.1490,0.1583,0.1618,0.1402
_SO,10001581,50ETF购3月2350,0.0983,-0.0055,-5.30%,3354,3345897,3315,2.350,93,1412,0.1038,0.0975,0.1107,0.0928
_SO,10001596,50ETF沽3月2650,0.3300,-0.0187,-5.36%,134,454891,735,2.650,93,41,0.3487,0.3494,0.3495,0.3300
_SO,10001427,50ETF沽3月2401A,0.1411,-0.0080,-5.37%,879,1346722,3713,2.401,93,-152,0.1491,0.1589,0.1619,0.1411
_SO,10001513,50ETF沽6月2450A,0.1919,-0.0111,-5.47%,465,980466,1266,2.450,184,-138,0.2030,0.2020,0.2143,0.1913
_SO,10001417,50ETF购3月2352A,0.0981,-0.0057,-5.49%,1073,1103110,3070,2.352,93,130,0.1038,0.0970,0.1100,0.0922
_SO,10001555,50ETF沽12月2400,0.0960,-0.0056,-5.51%,22987,24310243,22580,2.400,2,-8501,0.1016,0.1117,0.1224,0.0920
_SO,10001377,50ETF购12月2254A,0.0536,-0.0034,-5.96%,12893,6790049,7054,2.254,2,-497,0.0570,0.0501,0.0656,0.0415
_SO,10001620,50ETF沽3月2700,0.3756,-0.0244,-6.10%,175,668483,1263,2.700,93,95,0.4000,0.3925,0.3925,0.3750
_SO,10001434,50ETF沽3月2745A,0.4167,-0.0272,-6.13%,237,1023517,4298,2.745,93,-164,0.4439,0.4304,0.4339,0.4157
_SO,10001435,50ETF购3月2303A,0.1207,-0.0079,-6.14%,925,1177490,1531,2.303,93,368,0.1286,0.1187,0.1343,0.1151
_SO,10001470,50ETF沽3月2794A,0.4622,-0.0304,-6.17%,254,1212701,3993,2.794,93,-148,0.4926,0.4789,0.4826,0.4588
_SO,10001512,50ETF沽6月2401A,0.1635,-0.0108,-6.20%,725,1275224,1736,2.401,184,-533,0.1743,0.1835,0.1836,0.1633
_SO,10001538,50ETF沽1月2401A,0.1134,-0.0076,-6.28%,3337,4185467,4112,2.401,30,451,0.1210,0.1320,0.1368,0.1114
_SO,10001433,50ETF沽3月2696A,0.3710,-0.0251,-6.34%,79,305304,1962,2.696,93,-13,0.3961,0.3897,0.3897,0.3710
_SO,10001590,50ETF沽3月2350,0.1120,-0.0077,-6.43%,1989,2399189,4788,2.350,93,-285,0.1197,0.1290,0.1349,0.1116
_SO,10001580,50ETF购3月2300,0.1220,-0.0085,-6.51%,3476,4258250,2569,2.300,93,1214,0.1305,0.1201,0.1354,0.1159
_SO,10001426,50ETF沽3月2352A,0.1128,-0.0081,-6.70%,578,726881,4822,2.352,93,-82,0.1209,0.1301,0.1324,0.1127
_SO,10001573,50ETF沽1月2400,0.1118,-0.0082,-6.83%,29317,35908319,39668,2.400,30,5383,0.1200,0.1278,0.1392,0.1107
_SO,10001518,50ETF沽6月2696A,0.3690,-0.0271,-6.84%,178,692157,1004,2.696,184,-8,0.3961,0.3925,0.3936,0.3690
_SO,10001608,50ETF沽6月2350,0.1364,-0.0103,-7.02%,1176,1698744,2387,2.350,184,-286,0.1467,0.1560,0.1581,0.1355
_SO,10001562,50ETF购1月2300,0.0707,-0.0055,-7.22%,52760,37528942,33299,2.300,30,7895,0.0762,0.0668,0.0829,0.0621
_SO,10001511,50ETF沽6月2352A,0.1367,-0.0107,-7.26%,311,465755,2986,2.352,184,-33,0.1474,0.1554,0.1570,0.1364
_SO,10001524,50ETF沽6月2745A,0.4113,-0.0326,-7.34%,192,828983,1226,2.745,184,92,0.4439,0.4439,0.4439,0.4113
_SO,10001622,50ETF沽6月2700,0.3700,-0.0300,-7.50%,220,845570,1392,2.700,184,56,0.4000,0.3958,0.3972,0.3700
_SO,10001527,50ETF购1月2303A,0.0690,-0.0056,-7.51%,6457,4632006,5664,2.303,30,1210,0.0746,0.0695,0.0816,0.0610
_SO,10001510,50ETF沽6月2303A,0.1135,-0.0104,-8.39%,460,586843,2505,2.303,184,-15,0.1239,0.1341,0.1342,0.1135
_SO,10001418,50ETF购3月2401A,0.0775,-0.0071,-8.39%,1368,1143363,5090,2.401,93,-190,0.0846,0.0780,0.0888,0.0731
_SO,10001572,50ETF沽1月2350,0.0810,-0.0075,-8.47%,39481,34660994,40950,2.350,30,8911,0.0885,0.0920,0.1027,0.0777
_SO,10001520,50ETF沽6月2254A,0.0935,-0.0087,-8.51%,520,545875,2581,2.254,184,-80,0.1022,0.1052,0.1124,0.0934
_SO,10001543,50ETF购12月2250,0.0567,-0.0053,-8.55%,48723,26784752,16369,2.250,2,3388,0.0620,0.0551,0.0690,0.0453
_SO,10001606,50ETF沽6月2250,0.0911,-0.0086,-8.63%,789,789933,4932,2.250,184,136,0.0997,0.1057,0.1090,0.0910
_SO,10001607,50ETF沽6月2300,0.1125,-0.0107,-8.69%,1510,1860202,6107,2.300,184,620,0.1232,0.1312,0.1329,0.1125
_SO,10001436,50ETF沽3月2303A,0.0878,-0.0088,-9.11%,854,854112,2706,2.303,93,-55,0.0966,0.1043,0.1060,0.0878
_SO,10001630,50ETF沽6月2200,0.0730,-0.0075,-9.32%,1421,1159898,3134,2.200,184,-168,0.0805,0.0860,0.0891,0.0727
_SO,10001419,50ETF购3月2450A,0.0608,-0.0066,-9.79%,1399,923314,9083,2.450,93,417,0.0674,0.0628,0.0719,0.0573
_SO,10001522,50ETF沽6月2205A,0.0747,-0.0083,-10.00%,1785,1555080,4509,2.205,184,-670,0.0830,0.0879,0.0912,0.0747
_SO,10001537,50ETF沽1月2352A,0.0809,-0.0090,-10.01%,4486,4122905,7139,2.352,30,130,0.0899,0.0945,0.1026,0.0791
_SO,10001588,50ETF沽3月2250,0.0660,-0.0076,-10.33%,1992,1459961,4820,2.250,93,148,0.0736,0.0796,0.0813,0.0647
_SO,10001589,50ETF沽3月2300,0.0864,-0.0102,-10.56%,3870,3664118,6899,2.300,93,662,0.0966,0.1028,0.1043,0.0864
_SO,10001638,50ETF沽6月2150,0.0571,-0.0069,-10.78%,1549,1003597,2577,2.150,184,331,0.0640,0.0688,0.0710,0.0570
_SO,10001438,50ETF沽3月2254A,0.0666,-0.0085,-11.32%,1842,1407180,6378,2.254,93,-405,0.0751,0.0812,0.0830,0.0666
_SO,10001360,50ETF沽12月2352A,0.0520,-0.0068,-11.56%,14339,8883278,19999,2.352,2,-4149,0.0588,0.0692,0.0756,0.0480
_SO,10001420,50ETF购3月2500A,0.0472,-0.0062,-11.61%,1118,562005,7052,2.500,93,2,0.0534,0.0490,0.0567,0.0439
_SO,10001646,50ETF沽6月2100,0.0436,-0.0058,-11.74%,2019,1034743,1009,2.100,184,1009,0.0494,0.0494,0.0564,0.0435
_SO,10001583,50ETF购3月2450,0.0594,-0.0080,-11.87%,1502,955075,3164,2.450,93,41,0.0674,0.0619,0.0718,0.0573
_SO,10001582,50ETF购3月2400,0.0760,-0.0103,-11.94%,4217,3352371,5714,2.400,93,1170,0.0863,0.0790,0.0898,0.0733
_SO,10001628,50ETF沽3月2200,0.0473,-0.0065,-12.08%,2754,1466070,6692,2.200,93,522,0.0538,0.0584,0.0613,0.0471
_SO,10001440,50ETF沽3月2205A,0.0494,-0.0070,-12.41%,2395,1366010,14504,2.205,93,-398,0.0564,0.0610,0.0644,0.0484
_SO,10001584,50ETF购3月2500,0.0467,-0.0067,-12.55%,3101,1562345,6149,2.500,93,476,0.0534,0.0491,0.0567,0.0440
_SO,10001528,50ETF购1月2352A,0.0465,-0.0067,-12.59%,5458,2682378,5417,2.352,30,747,0.0532,0.0489,0.0583,0.0405
_SO,10001571,50ETF沽1月2300,0.0531,-0.0081,-13.24%,58755,35694784,49195,2.300,30,12105,0.0612,0.0660,0.0731,0.0518
_SO,10001636,50ETF沽3月2150,0.0334,-0.0051,-13.25%,2618,1014225,4225,2.150,93,474,0.0385,0.0418,0.0447,0.0326
_SO,10001421,50ETF购3月2549A,0.0359,-0.0058,-13.91%,1957,778772,7665,2.549,93,-75,0.0417,0.0381,0.0445,0.0334
_SO,10001563,50ETF购1月2350,0.0472,-0.0078,-14.18%,61096,29686179,54651,2.350,30,9206,0.0550,0.0518,0.0593,0.0413
_SO,10001570,50ETF沽1月2250,0.0339,-0.0056,-14.18%,36122,14462772,36522,2.250,30,5072,0.0395,0.0450,0.0487,0.0314
_SO,10001564,50ETF购1月2400,0.0300,-0.0050,-14.29%,53323,17025892,86007,2.400,30,11701,0.0350,0.0335,0.0399,0.0249
_SO,10001554,50ETF沽12月2350,0.0490,-0.0085,-14.78%,50989,29797860,31847,2.350,2,-8414,0.0575,0.0660,0.0750,0.0454
_SO,10001423,50ETF购3月2647A,0.0207,-0.0037,-15.16%,1656,381638,6804,2.647,93,55,0.0244,0.0223,0.0269,0.0190
_SO,10001586,50ETF购3月2600,0.0268,-0.0048,-15.19%,2068,592143,4772,2.600,93,245,0.0316,0.0290,0.0342,0.0248
_SO,10001536,50ETF沽1月2303A,0.0536,-0.0096,-15.19%,6207,3958364,6763,2.303,30,557,0.0632,0.0660,0.0737,0.0527
_SO,10001644,50ETF沽3月2100,0.0225,-0.0041,-15.41%,2797,749945,1411,2.100,93,1411,0.0266,0.0285,0.0320,0.0218
_SO,10001529,50ETF购1月2401A,0.0295,-0.0055,-15.71%,6162,1997101,8505,2.401,30,1887,0.0350,0.0341,0.0405,0.0256
_SO,10001585,50ETF购3月2550,0.0347,-0.0065,-15.78%,2297,871982,3731,2.550,93,496,0.0412,0.0378,0.0444,0.0332
_SO,10001422,50ETF购3月2598A,0.0269,-0.0051,-15.94%,1600,478610,5785,2.598,93,140,0.0320,0.0292,0.0348,0.0252
_SO,10001442,50ETF沽3月2156A,0.0342,-0.0066,-16.18%,4224,1732273,29234,2.156,93,-374,0.0408,0.0441,0.0462,0.0337
_SO,10001587,50ETF购3月2650,0.0198,-0.0039,-16.46%,2825,597104,5077,2.650,93,661,0.0237,0.0217,0.0266,0.0185
_SO,10001617,50ETF购1月2700,0.0015,-0.0003,-16.67%,10899,181298,26692,2.700,30,1102,0.0018,0.0015,0.0024,0.0011
_SO,10001535,50ETF沽1月2254A,0.0341,-0.0071,-17.23%,6361,2664323,7589,2.254,30,735,0.0412,0.0435,0.0506,0.0330
_SO,10001424,50ETF购3月2696A,0.0151,-0.0034,-18.38%,1865,331391,5933,2.696,93,22,0.0185,0.0169,0.0206,0.0140
_SO,10001619,50ETF购3月2700,0.0145,-0.0034,-18.99%,2393,381736,5727,2.700,93,231,0.0179,0.0163,0.0198,0.0135
_SO,10001530,50ETF购1月2450A,0.0188,-0.0045,-19.31%,7778,1635410,13662,2.450,30,3057,0.0233,0.0215,0.0271,0.0158
_SO,10001568,50ETF购1月2600,0.0039,-0.0010,-20.41%,15340,631949,34063,2.600,30,747,0.0049,0.0039,0.0060,0.0030
_SO,10001534,50ETF沽1月2205A,0.0199,-0.0053,-21.03%,8464,2170565,15240,2.205,30,1013,0.0252,0.0279,0.0324,0.0194
_SO,10001626,50ETF沽1月2200,0.0184,-0.0049,-21.03%,25893,6007790,36489,2.200,30,8677,0.0233,0.0253,0.0310,0.0175
_SO,10001565,50ETF购1月2450,0.0183,-0.0050,-21.46%,43804,8940879,86516,2.450,30,9701,0.0233,0.0210,0.0263,0.0155
_SO,10001569,50ETF购1月2650,0.0021,-0.0006,-22.22%,7068,169589,22773,2.650,30,1282,0.0027,0.0023,0.0034,0.0016
_SO,10001531,50ETF购1月2500A,0.0112,-0.0035,-23.81%,5110,668205,10183,2.500,30,459,0.0147,0.0143,0.0172,0.0093
_SO,10001469,50ETF购3月2794A,0.0080,-0.0026,-24.53%,4204,407388,23292,2.794,93,204,0.0106,0.0096,0.0114,0.0074
_SO,10001642,50ETF沽1月2100,0.0049,-0.0016,-24.62%,15449,1080127,9939,2.100,30,9939,0.0065,0.0080,0.0095,0.0046
_SO,10001369,50ETF购12月2303A,0.0188,-0.0063,-25.10%,28150,5730010,13073,2.303,2,-932,0.0251,0.0207,0.0309,0.0115
_SO,10001425,50ETF购3月2745A,0.0108,-0.0039,-26.53%,2699,371642,15437,2.745,93,551,0.0147,0.0131,0.0158,0.0102
_SO,10001566,50ETF购1月2500,0.0107,-0.0040,-27.21%,44186,5434502,75534,2.500,30,18200,0.0147,0.0136,0.0170,0.0088
_SO,10001532,50ETF购1月2549A,0.0061,-0.0024,-28.24%,4307,329012,9755,2.549,30,1223,0.0085,0.0075,0.0103,0.0051
_SO,10001634,50ETF沽1月2150,0.0093,-0.0037,-28.46%,22797,2932900,45365,2.150,30,5149,0.0130,0.0157,0.0183,0.0090
_SO,10001567,50ETF购1月2550,0.0059,-0.0026,-30.59%,13991,994530,36360,2.550,30,3237,0.0085,0.0086,0.0099,0.0049
_SO,10001533,50ETF购1月2598A,0.0034,-0.0015,-30.61%,4572,203734,15154,2.598,30,-175,0.0049,0.0039,0.0058,0.0026
_SO,10001544,50ETF购12月2300,0.0188,-0.0083,-30.63%,156890,33157567,62708,2.300,2,11923,0.0271,0.0211,0.0322,0.0123
_SO,10001615,50ETF购12月2700,0.0002,-0.0001,-33.33%,1465,3553,7753,2.700,2,520,0.0003,0.0002,0.0006,0.0001
_SO,10001317,50ETF购12月2647A,0.0002,-0.0001,-33.33%,4124,11378,36961,2.647,2,-943,0.0003,0.0004,0.0005,0.0002
_SO,10001318,50ETF购12月2696A,0.0002,-0.0001,-33.33%,1825,3360,27070,2.696,2,-957,0.0003,0.0002,0.0003,0.0001
_SO,10001551,50ETF购12月2650,0.0002,-0.0001,-33.33%,2479,4692,12409,2.650,2,-484,0.0003,0.0003,0.0003,0.0001
_SO,10001550,50ETF购12月2600,0.0002,-0.0001,-33.33%,1842,4983,24455,2.600,2,-725,0.0003,0.0004,0.0005,0.0001
_SO,10001553,50ETF沽12月2300,0.0143,-0.0097,-40.42%,131357,29467394,55147,2.300,2,-1928,0.0240,0.0280,0.0367,0.0110
_SO,10001370,50ETF沽12月2303A,0.0142,-0.0115,-44.75%,26256,6483529,21672,2.303,2,-5160,0.0257,0.0310,0.0373,0.0127
_SO,10001640,50ETF沽12月2100,0.0001,-0.0001,-50.00%,1233,6528,812,2.100,2,812,0.0002,0.0017,0.0017,0.0001
_SO,10001316,50ETF购12月2598A,0.0002,-0.0003,-60.00%,4635,14599,32568,2.598,2,-2316,0.0005,0.0005,0.0005,0.0001
_SO,10001359,50ETF购12月2352A,0.0037,-0.0063,-63.00%,23822,1416216,26847,2.352,2,-2701,0.0100,0.0072,0.0110,0.0022
_SO,10001545,50ETF购12月2350,0.0038,-0.0071,-65.14%,115594,7693831,94911,2.350,2,-5616,0.0109,0.0080,0.0122,0.0021
_SO,10001315,50ETF购12月2549A,0.0003,-0.0006,-66.67%,10484,51077,43450,2.549,2,-4515,0.0009,0.0006,0.0006,0.0002
_SO,10001320,50ETF购12月2794A,0.0001,-0.0002,-66.67%,1164,2039,33943,2.794,2,-292,0.0003,0.0002,0.0003,0.0001
_SO,10001319,50ETF购12月2745A,0.0001,-0.0002,-66.67%,772,1537,34823,2.745,2,-319,0.0003,0.0003,0.0003,0.0001
_SO,10001546,50ETF购12月2400,0.0013,-0.0027,-67.50%,74420,1398100,82267,2.400,2,-35381,0.0040,0.0029,0.0042,0.0007
_SO,10001552,50ETF沽12月2250,0.0026,-0.0055,-67.90%,63353,4506585,42346,2.250,2,1988,0.0081,0.0099,0.0150,0.0019
_SO,10001549,50ETF购12月2550,0.0002,-0.0005,-71.43%,7635,20905,30891,2.550,2,-5265,0.0007,0.0006,0.0007,0.0001
_SO,10001314,50ETF购12月2500A,0.0003,-0.0008,-72.73%,12692,52765,48930,2.500,2,-9762,0.0011,0.0008,0.0010,0.0001
_SO,10001378,50ETF沽12月2254A,0.0024,-0.0067,-73.63%,31668,2381150,32794,2.254,2,-1636,0.0091,0.0120,0.0145,0.0016
_SO,10001331,50ETF购12月2401A,0.0010,-0.0028,-73.68%,17355,322683,32387,2.401,2,-7453,0.0038,0.0024,0.0037,0.0002
_SO,10001547,50ETF购12月2450,0.0005,-0.0014,-73.68%,37693,323172,94704,2.450,2,-18792,0.0019,0.0013,0.0016,0.0004