_SO,10001333,50ETF购12月2950,0.0105,0.0004,3.96%,6223,638440,59239,2.950,44,1502,0.0101,0.0107,0.0109,0.0095
_SO,10001493,50ETF购11月2250,0.2517,0.0055,2.23%,2482,6137931,4754,2.250,16,301,0.2462,0.2470,0.2572,0.2340
_SO,10001314,50ETF购12月2550,0.0918,0.0018,2.00%,5106,4613839,19827,2.550,44,1579,0.0900,0.0895,0.0948,0.0857
_SO,10001499,50ETF购11月2200,0.2992,0.0054,1.84%,3689,10870926,4953,2.200,16,529,0.2938,0.2921,0.3044,0.2810
_SO,10001315,50ETF购12月2600,0.0721,0.0013,1.84%,5973,4283565,24762,2.600,44,1476,0.0708,0.0708,0.0757,0.0676
_SO,10001471,50ETF购11月2450,0.0960,0.0017,1.80%,36640,34854374,38011,2.450,16,2031,0.0943,0.0940,0.1031,0.0874
_SO,10001411,50ETF购12月2200,0.3198,0.0048,1.52%,1353,4286493,4124,2.200,44,67,0.3150,0.3140,0.3221,0.3050
_SO,10001383,50ETF购12月2250,0.2778,0.0041,1.50%,328,894571,1778,2.250,44,42,0.2737,0.2692,0.2806,0.2632
_SO,10001377,50ETF购12月2300,0.2386,0.0035,1.49%,514,1203705,3981,2.300,44,37,0.2351,0.2308,0.2422,0.2250
_SO,10001494,50ETF购11月2300,0.2056,0.0026,1.28%,3890,7850295,5797,2.300,16,1004,0.2030,0.1993,0.2126,0.1907
_SO,10001507,50ETF购6月2650,0.1835,0.0023,1.27%,202,368227,1684,2.650,226,45,0.1812,0.1800,0.1860,0.1750
_SO,10001359,50ETF购12月2400,0.1680,0.0019,1.14%,869,1441901,4585,2.400,44,161,0.1661,0.1620,0.1713,0.1582
_SO,10001421,50ETF购3月2600,0.1519,0.0014,0.93%,747,1127264,7025,2.600,135,171,0.1505,0.1489,0.1550,0.1461
_SO,10001331,50ETF购12月2450,0.1384,0.0012,0.87%,2068,2829171,8025,2.450,44,376,0.1372,0.1343,0.1426,0.1300
_SO,10001505,50ETF购6月2550,0.2242,0.0019,0.85%,272,603966,3190,2.550,226,60,0.2223,0.2194,0.2269,0.2161
_SO,10001521,50ETF购6月2250,0.3914,0.0030,0.77%,251,972132,575,2.250,226,56,0.3884,0.3860,0.3939,0.3794
_SO,10001369,50ETF购12月2350,0.2000,0.0015,0.76%,339,668903,5247,2.350,44,15,0.1985,0.1968,0.2041,0.1904
_SO,10001420,50ETF购3月2550,0.1732,0.0012,0.70%,634,1086669,4830,2.550,135,24,0.1720,0.1700,0.1850,0.1660
_SO,10001422,50ETF购3月2650,0.1331,0.0009,0.68%,522,694116,4598,2.650,135,-53,0.1322,0.1310,0.1363,0.1276
_SO,10001418,50ETF购3月2450,0.2212,0.0014,0.64%,275,599004,3281,2.450,135,151,0.2198,0.2249,0.2249,0.2130
_SO,10001419,50ETF购3月2500,0.1960,0.0012,0.62%,1170,2273799,6634,2.500,135,285,0.1948,0.1947,0.1990,0.1878
_SO,10001509,50ETF购6月2750,0.1482,0.0009,0.61%,371,549241,3683,2.750,226,-15,0.1473,0.1466,0.1514,0.1445
_SO,10001417,50ETF购3月2400,0.2493,0.0015,0.61%,157,389111,1510,2.400,135,66,0.2478,0.2451,0.2540,0.2400
_SO,10001318,50ETF购12月2750,0.0332,0.0002,0.61%,3027,1022803,19360,2.750,44,330,0.0330,0.0325,0.0362,0.0319
_SO,10001439,50ETF购3月2250,0.3457,0.0020,0.58%,58,199483,1160,2.250,135,-13,0.3437,0.3421,0.3469,0.3375
_SO,10001508,50ETF购6月2700,0.1646,0.0008,0.49%,238,390340,1704,2.700,226,-57,0.1638,0.1622,0.1681,0.1603
_SO,10001489,50ETF购11月2350,0.1634,0.0007,0.43%,8406,13660098,10267,2.350,16,1295,0.1627,0.1628,0.1715,0.1515
_SO,10001435,50ETF购3月2350,0.2786,0.0012,0.43%,35,96801,631,2.350,135,-9,0.2774,0.2733,0.2818,0.2688
_SO,10001519,50ETF购6月2300,0.3556,0.0014,0.40%,111,393072,1550,2.300,226,25,0.3542,0.3535,0.3608,0.3487
_SO,10001441,50ETF购3月2200,0.3818,0.0014,0.37%,203,768549,6065,2.200,135,76,0.3804,0.3761,0.3850,0.3707
_SO,10001313,50ETF购12月2500,0.1124,0.0004,0.36%,7168,8006353,16463,2.500,44,1352,0.1120,0.1125,0.1176,0.1062
_SO,10001504,50ETF购6月2500,0.2457,0.0007,0.29%,455,1120516,2313,2.500,226,72,0.2450,0.2422,0.2510,0.2390
_SO,10001502,50ETF购6月2400,0.2982,0.0006,0.20%,94,278236,938,2.400,226,28,0.2976,0.2927,0.2994,0.2927
_SO,10001437,50ETF购3月2300,0.3100,0.0004,0.13%,149,462162,3118,2.300,135,57,0.3096,0.3099,0.3137,0.3028
_SO,10001424,50ETF购3月2750,0.1012,0.0001,0.10%,1185,1192937,5426,2.750,135,-58,0.1011,0.1002,0.1041,0.0969
_SO,10001506,50ETF购6月2600,0.2020,0.0001,0.05%,404,812201,2853,2.600,226,-,0.2019,0.1984,0.2060,0.1944
_SO,10001477,50ETF购11月2750,0.0074,0.0000,0.00%,26210,1974859,76159,2.750,16,2401,0.0074,0.0074,0.0089,0.0067
_SO,10001320,50ETF购12月2850,0.0190,0.0000,0.00%,4624,870057,27799,2.850,44,1652,0.0190,0.0182,0.0203,0.0178
_SO,10001503,50ETF购6月2450,0.2693,-0.0004,-0.15%,212,574301,2032,2.450,226,46,0.2697,0.2667,0.2756,0.2600
_SO,10001429,50ETF沽3月2550,0.1887,-0.0004,-0.21%,622,1178740,2893,2.550,135,20,0.1891,0.1880,0.1950,0.1856
_SO,10001425,50ETF购3月2800,0.0877,-0.0002,-0.23%,581,509985,12262,2.800,135,-63,0.0879,0.0863,0.0900,0.0837
_SO,10001427,50ETF沽3月2450,0.1372,-0.0004,-0.29%,926,1282261,4809,2.450,135,-121,0.1376,0.1379,0.1433,0.1346
_SO,10001431,50ETF沽3月2650,0.2476,-0.0008,-0.32%,309,767643,1388,2.650,135,-6,0.2484,0.2497,0.2557,0.2441
_SO,10001515,50ETF沽6月2600,0.2486,-0.0008,-0.32%,192,479699,1973,2.600,226,6,0.2494,0.2533,0.2550,0.2458
_SO,10001428,50ETF沽3月2500,0.1618,-0.0007,-0.43%,1130,1834438,3708,2.500,135,98,0.1625,0.1634,0.1678,0.1591
_SO,10001524,50ETF沽6月2800,0.3736,-0.0017,-0.45%,48,180705,280,2.800,226,-20,0.3753,0.3827,0.3827,0.3718
_SO,10001316,50ETF购12月2650,0.0564,-0.0003,-0.53%,4283,2428933,20777,2.650,44,1327,0.0567,0.0548,0.0602,0.0535
_SO,10001434,50ETF沽3月2800,0.3499,-0.0019,-0.54%,157,554299,3458,2.800,135,42,0.3518,0.3540,0.3580,0.3470
_SO,10001433,50ETF沽3月2750,0.3143,-0.0021,-0.66%,122,383646,2126,2.750,135,48,0.3164,0.3172,0.3194,0.3116
_SO,10001423,50ETF购3月2700,0.1163,-0.0008,-0.68%,783,908160,6237,2.700,135,105,0.1171,0.1147,0.1189,0.1112
_SO,10001472,50ETF购11月2500,0.0699,-0.0005,-0.71%,106561,74449549,95006,2.500,16,10742,0.0704,0.0699,0.0764,0.0634
_SO,10001432,50ETF沽3月2700,0.2795,-0.0023,-0.82%,203,568425,2515,2.700,135,106,0.2818,0.2809,0.2880,0.2771
_SO,10001470,50ETF沽3月2850,0.3868,-0.0032,-0.82%,149,582246,2803,2.850,135,-30,0.3900,0.3900,0.3988,0.3850
_SO,10001514,50ETF沽6月2550,0.2194,-0.0019,-0.86%,257,576303,1929,2.550,226,-32,0.2213,0.2220,0.2280,0.2182
_SO,10001518,50ETF沽6月2750,0.3404,-0.0032,-0.93%,213,729578,793,2.750,226,-29,0.3436,0.3481,0.3493,0.3383
_SO,10001322,50ETF沽12月2500,0.1099,-0.0011,-0.99%,5745,6315272,14627,2.500,44,256,0.1110,0.1120,0.1169,0.1050
_SO,10001469,50ETF购3月2850,0.0757,-0.0008,-1.05%,1081,820060,10696,2.850,135,274,0.0765,0.0760,0.0790,0.0728
_SO,10001430,50ETF沽3月2600,0.2157,-0.0023,-1.06%,800,1739438,4089,2.600,135,-183,0.2180,0.2161,0.2241,0.2133
_SO,10001442,50ETF沽3月2200,0.0501,-0.0006,-1.18%,466,235954,12709,2.200,135,115,0.0507,0.0506,0.0535,0.0491
_SO,10001501,50ETF购6月2350,0.3220,-0.0039,-1.20%,140,455099,1152,2.350,226,-29,0.3259,0.3208,0.3293,0.3197
_SO,10001323,50ETF沽12月2550,0.1377,-0.0017,-1.22%,4638,6435277,10774,2.550,44,747,0.1394,0.1400,0.1455,0.1327
_SO,10001523,50ETF购6月2800,0.1332,-0.0017,-1.26%,345,460175,2092,2.800,226,13,0.1349,0.1305,0.1371,0.1274
_SO,10001517,50ETF沽6月2700,0.3071,-0.0040,-1.29%,211,657069,499,2.700,226,67,0.3111,0.3150,0.3189,0.3058
_SO,10001438,50ETF沽3月2300,0.0776,-0.0011,-1.40%,306,241666,3801,2.300,135,-51,0.0787,0.0801,0.0819,0.0769
_SO,10001321,50ETF购12月2900,0.0139,-0.0002,-1.42%,4959,687573,35732,2.900,44,628,0.0141,0.0135,0.0149,0.0132
_SO,10001490,50ETF购11月2400,0.1251,-0.0018,-1.42%,13542,17069940,18949,2.400,16,736,0.1269,0.1270,0.1346,0.1100
_SO,10001516,50ETF沽6月2650,0.2760,-0.0040,-1.43%,119,331664,1177,2.650,226,-14,0.2800,0.2833,0.2853,0.2755
_SO,10001522,50ETF沽6月2250,0.0896,-0.0013,-1.43%,671,611171,2904,2.250,226,70,0.0909,0.0895,0.0945,0.0885
_SO,10001512,50ETF沽6月2450,0.1684,-0.0026,-1.52%,270,462696,2974,2.450,226,38,0.1710,0.1720,0.1766,0.1679
_SO,10001319,50ETF购12月2800,0.0256,-0.0004,-1.54%,3392,872152,20267,2.800,44,-206,0.0260,0.0250,0.0277,0.0244
_SO,10001511,50ETF沽6月2400,0.1462,-0.0023,-1.55%,203,300002,2228,2.400,226,-42,0.1485,0.1357,0.1527,0.1357
_SO,10001473,50ETF购11月2550,0.0496,-0.0008,-1.59%,82879,41140466,146114,2.550,16,944,0.0504,0.0493,0.0550,0.0453
_SO,10001328,50ETF沽12月2800,0.3178,-0.0053,-1.64%,443,1434284,4028,2.800,44,202,0.3231,0.3263,0.3329,0.3150
_SO,10001436,50ETF沽3月2350,0.0941,-0.0016,-1.67%,487,471960,3443,2.350,135,-91,0.0957,0.0969,0.0998,0.0939
_SO,10001513,50ETF沽6月2500,0.1921,-0.0033,-1.69%,476,922954,2475,2.500,226,154,0.1954,0.1984,0.2017,0.1911
_SO,10001510,50ETF沽6月2350,0.1252,-0.0022,-1.73%,300,380970,2465,2.350,226,-10,0.1274,0.1246,0.1318,0.1244
_SO,10001326,50ETF沽12月2700,0.2375,-0.0049,-2.02%,2204,5334159,7373,2.700,44,912,0.2424,0.2434,0.2514,0.2345
_SO,10001327,50ETF沽12月2750,0.2749,-0.0063,-2.24%,323,911215,4099,2.750,44,121,0.2812,0.2855,0.2920,0.2737
_SO,10001426,50ETF沽3月2400,0.1136,-0.0027,-2.32%,275,318047,5948,2.400,135,-31,0.1163,0.1136,0.1193,0.1128
_SO,10001485,50ETF沽11月2700,0.2163,-0.0052,-2.35%,3895,8618815,11607,2.700,16,-246,0.2215,0.2244,0.2341,0.2123
_SO,10001325,50ETF沽12月2650,0.2002,-0.0049,-2.39%,2033,4163983,5946,2.650,44,446,0.2051,0.2090,0.2139,0.1974
_SO,10001324,50ETF沽12月2600,0.1663,-0.0042,-2.46%,3618,6158028,6946,2.600,44,-81,0.1705,0.1705,0.1782,0.1631
_SO,10001317,50ETF购12月2700,0.0433,-0.0011,-2.48%,4898,2163249,29951,2.700,44,1434,0.0444,0.0429,0.0470,0.0416
_SO,10001370,50ETF沽12月2350,0.0460,-0.0014,-2.95%,4045,1906772,19809,2.350,44,934,0.0474,0.0489,0.0508,0.0439
_SO,10001440,50ETF沽3月2250,0.0619,-0.0019,-2.98%,130,83121,8622,2.250,135,37,0.0638,0.0637,0.0671,0.0619
_SO,10001329,50ETF沽12月2850,0.3589,-0.0111,-3.00%,241,887076,2552,2.850,44,108,0.3700,0.3700,0.3782,0.3589
_SO,10001474,50ETF购11月2600,0.0334,-0.0011,-3.19%,67108,22742361,158980,2.600,16,4159,0.0345,0.0336,0.0382,0.0310
_SO,10001520,50ETF沽6月2300,0.1061,-0.0036,-3.28%,204,219921,2017,2.300,226,2,0.1097,0.1060,0.1120,0.1057
_SO,10001334,50ETF沽12月2950,0.4526,-0.0174,-3.70%,211,969309,8511,2.950,44,101,0.4700,0.4600,0.4689,0.4483
_SO,10001330,50ETF沽12月2900,0.4044,-0.0156,-3.71%,162,668902,3229,2.900,44,94,0.4200,0.4093,0.4234,0.4042
_SO,10001360,50ETF沽12月2400,0.0629,-0.0026,-3.97%,5867,3800285,14138,2.400,44,850,0.0655,0.0651,0.0692,0.0611
_SO,10001486,50ETF沽11月2750,0.2589,-0.0111,-4.11%,2330,6211821,6502,2.750,16,535,0.2700,0.2673,0.2780,0.2565
_SO,10001484,50ETF沽11月2650,0.1739,-0.0075,-4.13%,7298,13187502,19312,2.650,16,-48,0.1814,0.1838,0.1929,0.1705
_SO,10001487,50ETF沽11月2800,0.3058,-0.0142,-4.44%,1310,4095705,3083,2.800,16,104,0.3200,0.3150,0.3247,0.3026
_SO,10001332,50ETF沽12月2450,0.0826,-0.0039,-4.51%,4780,4102928,12222,2.450,44,834,0.0865,0.0865,0.0916,0.0813
_SO,10001488,50ETF沽11月2850,0.3530,-0.0170,-4.59%,1256,4538321,4642,2.850,16,127,0.3700,0.3561,0.3733,0.3505
_SO,10001483,50ETF沽11月2600,0.1358,-0.0070,-4.90%,18407,26097491,51858,2.600,16,225,0.1428,0.1465,0.1532,0.1326
_SO,10001482,50ETF沽11月2550,0.1024,-0.0067,-6.14%,46820,50271051,65986,2.550,16,232,0.1091,0.1100,0.1179,0.0987
_SO,10001378,50ETF沽12月2300,0.0317,-0.0021,-6.21%,2101,694431,16840,2.300,44,574,0.0338,0.0346,0.0363,0.0309
_SO,10001475,50ETF购11月2650,0.0214,-0.0015,-6.55%,54371,12140952,113550,2.650,16,3123,0.0229,0.0222,0.0256,0.0202
_SO,10001476,50ETF购11月2700,0.0127,-0.0009,-6.62%,30919,4173685,94319,2.700,16,4120,0.0136,0.0136,0.0158,0.0120
_SO,10001478,50ETF购11月2800,0.0040,-0.0003,-6.98%,18122,757614,90507,2.800,16,-1305,0.0043,0.0042,0.0050,0.0037
_SO,10001412,50ETF沽12月2200,0.0141,-0.0012,-7.84%,5686,852432,45989,2.200,44,1301,0.0153,0.0151,0.0163,0.0136
_SO,10001384,50ETF沽12月2250,0.0214,-0.0019,-8.15%,2351,538100,20570,2.250,44,887,0.0233,0.0237,0.0248,0.0208
_SO,10001481,50ETF沽11月2500,0.0729,-0.0066,-8.30%,96637,75426054,69347,2.500,16,5768,0.0795,0.0800,0.0864,0.0702
_SO,10001480,50ETF沽11月2450,0.0492,-0.0056,-10.22%,67300,36251947,87844,2.450,16,5420,0.0548,0.0553,0.0604,0.0476
_SO,10001492,50ETF沽11月2400,0.0310,-0.0041,-11.68%,46581,16170565,74343,2.400,16,721,0.0351,0.0359,0.0392,0.0294
_SO,10001491,50ETF沽11月2350,0.0180,-0.0034,-15.89%,34933,7159815,76987,2.350,16,2844,0.0214,0.0197,0.0239,0.0165
_SO,10001479,50ETF购11月2850,0.0021,-0.0005,-19.23%,13877,322386,120674,2.850,16,-2893,0.0026,0.0024,0.0029,0.0021
_SO,10001496,50ETF沽11月2300,0.0091,-0.0025,-21.55%,30011,3254419,99598,2.300,16,5447,0.0116,0.0117,0.0129,0.0084
_SO,10001495,50ETF沽11月2250,0.0047,-0.0016,-25.40%,14563,761273,58611,2.250,16,1715,0.0063,0.0060,0.0066,0.0040
_SO,10001500,50ETF沽11月2200,0.0020,-0.0009,-31.03%,9512,240970,62728,2.200,16,1496,0.0029,0.0030,0.0033,0.0018