_SO,10001317,50ETF购12月2700,0.0083,0.0021,33.87%,35276,2443300,94402,2.700,24,5566,0.0062,0.0060,0.0086,0.0058
_SO,10001316,50ETF购12月2650,0.0151,0.0037,32.46%,34926,4454438,72660,2.650,24,4163,0.0114,0.0112,0.0151,0.0110
_SO,10001318,50ETF购12月2750,0.0047,0.0010,27.03%,11942,468891,36325,2.750,24,-187,0.0037,0.0036,0.0047,0.0034
_SO,10001315,50ETF购12月2600,0.0254,0.0050,24.51%,39940,9063438,80101,2.600,24,-518,0.0204,0.0203,0.0257,0.0198
_SO,10001314,50ETF购12月2550,0.0409,0.0073,21.73%,70485,26103776,81650,2.550,24,-5958,0.0336,0.0328,0.0415,0.0321
_SO,10001319,50ETF购12月2800,0.0024,0.0004,20.00%,7366,155320,34094,2.800,24,479,0.0020,0.0019,0.0027,0.0018
_SO,10001533,50ETF购1月2650,0.0350,0.0055,18.64%,8432,2686816,12716,2.650,52,4137,0.0295,0.0291,0.0356,0.0286
_SO,10001313,50ETF购12月2500,0.0604,0.0094,18.43%,146824,82267433,107928,2.500,24,-14074,0.0510,0.0500,0.0620,0.0497
_SO,10001425,50ETF购3月2800,0.0405,0.0063,18.42%,2264,852364,14793,2.800,115,367,0.0342,0.0338,0.0411,0.0338
_SO,10001532,50ETF购1月2600,0.0489,0.0072,17.27%,3799,1705585,3999,2.600,52,1145,0.0417,0.0419,0.0500,0.0410
_SO,10001469,50ETF购3月2850,0.0309,0.0045,17.05%,3929,1146273,21356,2.850,115,2165,0.0264,0.0265,0.0315,0.0258
_SO,10001331,50ETF购12月2450,0.0867,0.0126,17.00%,99746,80690761,61496,2.450,24,-4089,0.0741,0.0725,0.0888,0.0724
_SO,10001424,50ETF购3月2750,0.0506,0.0070,16.06%,657,312208,6201,2.750,115,4,0.0436,0.0420,0.0509,0.0420
_SO,10001423,50ETF购3月2700,0.0631,0.0087,15.99%,1866,1092577,8133,2.700,115,239,0.0544,0.0537,0.0636,0.0537
_SO,10001422,50ETF购3月2650,0.0786,0.0107,15.76%,553,407216,6043,2.650,115,-16,0.0679,0.0680,0.0786,0.0680
_SO,10001509,50ETF购6月2750,0.0980,0.0132,15.57%,637,583126,4135,2.750,206,181,0.0848,0.0825,0.0989,0.0825
_SO,10001359,50ETF购12月2400,0.1183,0.0153,14.85%,47383,53108380,22338,2.400,24,-2363,0.1030,0.1000,0.1207,0.1000
_SO,10001531,50ETF购1月2550,0.0653,0.0083,14.56%,1918,1180664,1802,2.550,52,508,0.0570,0.0579,0.0670,0.0569
_SO,10001530,50ETF购1月2500,0.0880,0.0111,14.43%,5085,4223134,3235,2.500,52,682,0.0769,0.0785,0.0892,0.0764
_SO,10001523,50ETF购6月2800,0.0841,0.0103,13.96%,1538,1231061,4656,2.800,206,287,0.0738,0.0726,0.0853,0.0726
_SO,10001369,50ETF购12月2350,0.1554,0.0181,13.18%,16589,24488361,11493,2.350,24,-692,0.1373,0.1367,0.1576,0.1360
_SO,10001421,50ETF购3月2600,0.0950,0.0108,12.83%,1500,1349870,8140,2.600,115,-37,0.0842,0.0843,0.0958,0.0811
_SO,10001507,50ETF购6月2650,0.1307,0.0146,12.58%,421,527425,2029,2.650,206,166,0.1161,0.1150,0.1310,0.1150
_SO,10001508,50ETF购6月2700,0.1124,0.0122,12.18%,344,370365,2415,2.700,206,92,0.1002,0.1018,0.1144,0.1014
_SO,10001506,50ETF购6月2600,0.1501,0.0161,12.01%,337,484958,2500,2.600,206,85,0.1340,0.1360,0.1501,0.1360
_SO,10001420,50ETF购3月2550,0.1154,0.0122,11.82%,1285,1430998,6025,2.550,115,-263,0.1032,0.1033,0.1162,0.1033
_SO,10001505,50ETF购6月2550,0.1710,0.0170,11.04%,491,801576,3170,2.550,206,-45,0.1540,0.1543,0.1711,0.1540
_SO,10001529,50ETF购1月2450,0.1126,0.0108,10.61%,4006,4307129,2579,2.450,52,1422,0.1018,0.1010,0.1154,0.1009
_SO,10001534,50ETF沽1月2250,0.0165,0.0015,10.00%,9546,1551495,14517,2.250,52,3620,0.0150,0.0150,0.0180,0.0147
_SO,10001419,50ETF购3月2500,0.1379,0.0124,9.88%,1120,1507156,8713,2.500,115,-149,0.1255,0.1262,0.1388,0.1258
_SO,10001412,50ETF沽12月2200,0.0034,0.0003,9.68%,21343,688083,70392,2.200,24,-320,0.0031,0.0030,0.0038,0.0026
_SO,10001528,50ETF购1月2400,0.1422,0.0124,9.55%,687,932411,483,2.400,52,142,0.1298,0.1308,0.1441,0.1296
_SO,10001377,50ETF购12月2300,0.1940,0.0169,9.54%,6403,12139320,13864,2.300,24,-379,0.1771,0.1786,0.1994,0.1760
_SO,10001418,50ETF购3月2450,0.1625,0.0141,9.50%,811,1271141,5090,2.450,115,-119,0.1484,0.1511,0.1638,0.1500
_SO,10001503,50ETF购6月2450,0.2187,0.0183,9.13%,200,418549,2519,2.450,206,57,0.2004,0.2022,0.2187,0.2020
_SO,10001383,50ETF购12月2250,0.2410,0.0192,8.66%,2375,5509287,3905,2.250,24,-172,0.2218,0.2218,0.2438,0.2204
_SO,10001504,50ETF购6月2500,0.1921,0.0153,8.65%,732,1357001,3525,2.500,206,205,0.1768,0.1750,0.1941,0.1750
_SO,10001527,50ETF购1月2350,0.1757,0.0139,8.59%,414,702020,235,2.350,52,80,0.1618,0.1640,0.1785,0.1612
_SO,10001417,50ETF购3月2400,0.1911,0.0146,8.27%,469,865444,2885,2.400,115,-37,0.1765,0.1787,0.1929,0.1787
_SO,10001502,50ETF购6月2400,0.2457,0.0181,7.95%,100,238095,1120,2.400,206,25,0.2276,0.2309,0.2457,0.2309
_SO,10001411,50ETF购12月2200,0.2879,0.0194,7.23%,3737,10473115,9980,2.200,24,-392,0.2685,0.2679,0.2900,0.2679
_SO,10001435,50ETF购3月2350,0.2219,0.0145,6.99%,37,80329,872,2.350,115,-6,0.2074,0.2164,0.2244,0.2088
_SO,10001519,50ETF购6月2300,0.3075,0.0198,6.88%,76,226869,2950,2.300,206,-,0.2877,0.2910,0.3075,0.2910
_SO,10001526,50ETF购1月2300,0.2124,0.0136,6.84%,259,532700,158,2.300,52,17,0.1988,0.1997,0.2158,0.1992
_SO,10001501,50ETF购6月2350,0.2743,0.0174,6.77%,166,441458,656,2.350,206,-69,0.2569,0.2590,0.2751,0.2590
_SO,10001320,50ETF购12月2850,0.0016,0.0001,6.67%,5121,66850,34327,2.850,24,238,0.0015,0.0014,0.0017,0.0011
_SO,10001521,50ETF购6月2250,0.3420,0.0205,6.38%,331,1116019,1060,2.250,206,22,0.3215,0.3250,0.3439,0.3250
_SO,10001437,50ETF购3月2300,0.2565,0.0153,6.34%,143,358183,1538,2.300,115,-43,0.2412,0.2447,0.2597,0.2426
_SO,10001442,50ETF沽3月2200,0.0271,0.0016,6.27%,5267,1396056,22247,2.200,115,-115,0.0255,0.0261,0.0283,0.0250
_SO,10001439,50ETF购3月2250,0.2935,0.0157,5.65%,165,471377,1629,2.250,115,-,0.2778,0.2866,0.2938,0.2788
_SO,10001525,50ETF购1月2250,0.2529,0.0135,5.64%,376,930090,266,2.250,52,80,0.2394,0.2398,0.2577,0.2380
_SO,10001441,50ETF购3月2200,0.3335,0.0155,4.87%,386,1271238,6772,2.200,115,14,0.3180,0.3221,0.3368,0.3184
_SO,10001440,50ETF沽3月2250,0.0374,0.0014,3.89%,1098,399868,15004,2.250,115,203,0.0360,0.0361,0.0386,0.0344
_SO,10001522,50ETF沽6月2250,0.0596,0.0014,2.41%,966,568067,8193,2.250,206,57,0.0582,0.0584,0.0618,0.0542
_SO,10001438,50ETF沽3月2300,0.0497,0.0011,2.26%,1182,582312,7347,2.300,115,-291,0.0486,0.0499,0.0520,0.0471
_SO,10001535,50ETF沽1月2300,0.0250,0.0005,2.04%,2703,672588,6856,2.300,52,811,0.0245,0.0249,0.0275,0.0232
_SO,10001536,50ETF沽1月2350,0.0380,0.0004,1.06%,2958,1121197,4463,2.350,52,869,0.0376,0.0371,0.0406,0.0350
_SO,10001537,50ETF沽1月2400,0.0550,0.0002,0.36%,7037,3813420,7915,2.400,52,4275,0.0548,0.0550,0.0585,0.0515
_SO,10001510,50ETF沽6月2350,0.0911,0.0000,0.00%,508,458111,3743,2.350,206,130,0.0911,0.0896,0.0952,0.0867
_SO,10001321,50ETF购12月2900,0.0011,0.0000,0.00%,2734,25942,37423,2.900,24,533,0.0011,0.0011,0.0011,0.0008
_SO,10001384,50ETF沽12月2250,0.0059,0.0000,0.00%,20136,1252221,64882,2.250,24,3194,0.0059,0.0061,0.0071,0.0054
_SO,10001436,50ETF沽3月2350,0.0649,-0.0001,-0.15%,1192,768542,3534,2.350,115,-168,0.0650,0.0631,0.0679,0.0626
_SO,10001427,50ETF沽3月2450,0.1048,-0.0005,-0.47%,889,925606,5241,2.450,115,218,0.1053,0.1059,0.1088,0.1009
_SO,10001426,50ETF沽3月2400,0.0834,-0.0004,-0.48%,2797,2336486,6068,2.400,115,206,0.0838,0.0840,0.0880,0.0801
_SO,10001520,50ETF沽6月2300,0.0739,-0.0005,-0.67%,561,412602,3345,2.300,206,3,0.0744,0.0759,0.0776,0.0707
_SO,10001378,50ETF沽12月2300,0.0114,-0.0001,-0.87%,37442,4428570,72291,2.300,24,4756,0.0115,0.0118,0.0131,0.0105
_SO,10001428,50ETF沽3月2500,0.1288,-0.0015,-1.15%,1054,1358405,4042,2.500,115,-442,0.1303,0.1308,0.1348,0.1252
_SO,10001429,50ETF沽3月2550,0.1563,-0.0022,-1.39%,1018,1585302,2982,2.550,115,-1,0.1585,0.1569,0.1631,0.1520
_SO,10001431,50ETF沽3月2650,0.2188,-0.0036,-1.62%,193,422618,1645,2.650,115,-24,0.2224,0.2232,0.2240,0.2146
_SO,10001511,50ETF沽6月2400,0.1095,-0.0018,-1.62%,564,619970,5989,2.400,206,-8,0.1113,0.1111,0.1146,0.1079
_SO,10001514,50ETF沽6月2550,0.1812,-0.0032,-1.74%,172,313248,2157,2.550,206,58,0.1844,0.1831,0.1890,0.1790
_SO,10001517,50ETF沽6月2700,0.2720,-0.0053,-1.91%,62,171030,615,2.700,206,-1,0.2773,0.2737,0.2807,0.2689
_SO,10001518,50ETF沽6月2750,0.3061,-0.0060,-1.92%,106,327432,708,2.750,206,-2,0.3121,0.3105,0.3131,0.3027
_SO,10001515,50ETF沽6月2600,0.2093,-0.0042,-1.97%,106,222190,2437,2.600,206,8,0.2135,0.2133,0.2133,0.2065
_SO,10001430,50ETF沽3月2600,0.1845,-0.0038,-2.02%,650,1206972,3920,2.600,115,-17,0.1883,0.1894,0.1929,0.1818
_SO,10001432,50ETF沽3月2700,0.2538,-0.0057,-2.20%,54,137021,2450,2.700,115,1,0.2595,0.2558,0.2621,0.2477
_SO,10001513,50ETF沽6月2500,0.1549,-0.0035,-2.21%,508,792482,2815,2.500,206,-29,0.1584,0.1568,0.1608,0.1519
_SO,10001516,50ETF沽6月2650,0.2400,-0.0055,-2.24%,108,261156,1467,2.650,206,4,0.2455,0.2439,0.2439,0.2381
_SO,10001524,50ETF沽6月2800,0.3414,-0.0081,-2.32%,162,557016,2418,2.800,206,15,0.3495,0.3404,0.3515,0.3382
_SO,10001512,50ETF沽6月2450,0.1295,-0.0035,-2.63%,566,746501,3804,2.450,206,56,0.1330,0.1284,0.1369,0.1284
_SO,10001538,50ETF沽1月2450,0.0738,-0.0020,-2.64%,4913,3659255,2946,2.450,52,844,0.0758,0.0765,0.0800,0.0710
_SO,10001433,50ETF沽3月2750,0.2896,-0.0082,-2.75%,149,433200,2217,2.750,115,14,0.2978,0.2923,0.3009,0.2846
_SO,10001542,50ETF沽1月2650,0.1968,-0.0061,-3.01%,694,1372446,618,2.650,52,197,0.2029,0.2010,0.2067,0.1918
_SO,10001539,50ETF沽1月2500,0.0979,-0.0037,-3.64%,1908,1890340,2043,2.500,52,197,0.1016,0.1017,0.1055,0.0950
_SO,10001540,50ETF沽1月2550,0.1264,-0.0050,-3.81%,744,953772,461,2.550,52,62,0.1314,0.1314,0.1352,0.1235
_SO,10001541,50ETF沽1月2600,0.1589,-0.0065,-3.93%,647,1050727,590,2.600,52,270,0.1654,0.1648,0.1679,0.1560
_SO,10001370,50ETF沽12月2350,0.0205,-0.0010,-4.65%,45297,9480730,76975,2.350,24,-867,0.0215,0.0196,0.0232,0.0191
_SO,10001434,50ETF沽3月2800,0.3274,-0.0196,-5.65%,334,1108283,6046,2.800,115,50,0.3470,0.3374,0.3417,0.3260
_SO,10001334,50ETF沽12月2950,0.4658,-0.0312,-6.28%,853,4039353,8446,2.950,24,-151,0.4970,0.4818,0.4843,0.4618
_SO,10001330,50ETF沽12月2900,0.4168,-0.0302,-6.76%,656,2762609,2873,2.900,24,-204,0.4470,0.4322,0.4330,0.4117
_SO,10001470,50ETF沽3月2850,0.3687,-0.0283,-7.13%,286,1064256,5199,2.850,115,-,0.3970,0.3796,0.3827,0.3661
_SO,10001329,50ETF沽12月2850,0.3666,-0.0304,-7.66%,1030,3816476,2792,2.850,24,-302,0.3970,0.3840,0.3842,0.3623
_SO,10001328,50ETF沽12月2800,0.3174,-0.0296,-8.53%,1882,6077539,3816,2.800,24,-209,0.3470,0.3323,0.3352,0.3131
_SO,10001326,50ETF沽12月2700,0.2256,-0.0214,-8.66%,3690,8526870,10346,2.700,24,-84,0.2470,0.2440,0.2440,0.2200
_SO,10001325,50ETF沽12月2650,0.1799,-0.0171,-8.68%,7130,13237026,9241,2.650,24,-560,0.1970,0.2026,0.2026,0.1762
_SO,10001360,50ETF沽12月2400,0.0344,-0.0034,-8.99%,64892,23341653,71320,2.400,24,13008,0.0378,0.0380,0.0394,0.0332
_SO,10001327,50ETF沽12月2750,0.2690,-0.0280,-9.43%,1684,4630398,4792,2.750,24,-237,0.2970,0.2831,0.2888,0.2653
_SO,10001333,50ETF购12月2950,0.0009,-0.0001,-10.00%,4991,44016,66859,2.950,24,1279,0.0010,0.0010,0.0011,0.0007
_SO,10001323,50ETF沽12月2550,0.1052,-0.0123,-10.47%,34962,38443545,35687,2.550,24,-3100,0.1175,0.1175,0.1188,0.1030
_SO,10001332,50ETF沽12月2450,0.0525,-0.0062,-10.56%,128605,70893943,91789,2.450,24,16780,0.0587,0.0581,0.0598,0.0508
_SO,10001324,50ETF沽12月2600,0.1393,-0.0170,-10.88%,18333,26539530,21473,2.600,24,-1677,0.1563,0.1550,0.1584,0.1366
_SO,10001322,50ETF沽12月2500,0.0756,-0.0094,-11.06%,92815,73954134,65449,2.500,24,1909,0.0850,0.0853,0.0865,0.0740