_SO,10001479,50ETF购11月2850,0.0089,0.0045,102.27%,67719,5216304,119002,2.850,24,3472,0.0044,0.0090,0.0090,0.0062
_SO,10001478,50ETF购11月2800,0.0142,0.0065,84.42%,54579,6941439,75430,2.800,24,-639,0.0077,0.0138,0.0154,0.0106
_SO,10001477,50ETF购11月2750,0.0229,0.0099,76.15%,54137,11314800,58272,2.750,24,-4068,0.0130,0.0225,0.0249,0.0178
_SO,10001476,50ETF购11月2700,0.0360,0.0148,69.81%,80229,26045847,68706,2.700,24,-716,0.0212,0.0332,0.0400,0.0280
_SO,10001475,50ETF购11月2650,0.0522,0.0196,60.12%,139568,67791296,84499,2.650,24,-18045,0.0326,0.0478,0.0535,0.0420
_SO,10001474,50ETF购11月2600,0.0749,0.0271,56.69%,196917,134840881,87691,2.600,24,-17294,0.0478,0.0718,0.0763,0.0592
_SO,10001473,50ETF购11月2550,0.1024,0.0358,53.75%,209570,192059899,65291,2.550,24,-24376,0.0666,0.0915,0.1038,0.0811
_SO,10001472,50ETF购11月2500,0.1353,0.0440,48.19%,114149,139460536,45987,2.500,24,-21032,0.0913,0.1200,0.1376,0.1076
_SO,10001471,50ETF购11月2450,0.1721,0.0524,43.78%,44461,69713434,30935,2.450,24,-5552,0.1197,0.1580,0.1747,0.1380
_SO,10001319,50ETF购12月2800,0.0410,0.0117,39.93%,10388,3958996,15511,2.800,52,-1569,0.0293,0.0390,0.0429,0.0336
_SO,10001316,50ETF购12月2650,0.0888,0.0251,39.40%,10032,8187200,13892,2.650,52,-634,0.0637,0.0798,0.0900,0.0722
_SO,10001490,50ETF购11月2400,0.2121,0.0599,39.36%,19152,36936353,17407,2.400,24,-1730,0.1522,0.1918,0.2154,0.1714
_SO,10001315,50ETF购12月2600,0.1116,0.0303,37.27%,14329,14586451,14843,2.600,52,-1363,0.0813,0.0980,0.1128,0.0912
_SO,10001314,50ETF购12月2550,0.1380,0.0371,36.77%,9992,12561275,12895,2.550,52,-1437,0.1009,0.1240,0.1389,0.1132
_SO,10001317,50ETF购12月2700,0.0693,0.0183,35.88%,13924,8923175,23011,2.700,52,-3104,0.0510,0.0663,0.0702,0.0529
_SO,10001318,50ETF购12月2750,0.0535,0.0141,35.79%,9768,4862257,16978,2.750,52,189,0.0394,0.0484,0.0547,0.0440
_SO,10001321,50ETF购12月2900,0.0224,0.0059,35.76%,8679,1855210,32065,2.900,52,-437,0.0165,0.0218,0.0238,0.0188
_SO,10001313,50ETF购12月2500,0.1685,0.0440,35.34%,9692,14917059,10556,2.500,52,-2727,0.1245,0.1402,0.1698,0.1392
_SO,10001489,50ETF购11月2350,0.2566,0.0666,35.05%,8572,20196798,6429,2.350,24,-1525,0.1900,0.2318,0.2584,0.2140
_SO,10001331,50ETF购12月2450,0.2022,0.0509,33.64%,4716,8818132,6477,2.450,52,-839,0.1513,0.1744,0.2033,0.1692
_SO,10001320,50ETF购12月2850,0.0304,0.0075,32.75%,9554,2717607,25217,2.850,52,1754,0.0229,0.0285,0.0315,0.0251
_SO,10001333,50ETF购12月2950,0.0164,0.0040,32.26%,12469,1937322,53761,2.950,52,288,0.0124,0.0150,0.0181,0.0139
_SO,10001359,50ETF购12月2400,0.2387,0.0579,32.02%,2844,6303139,4810,2.400,52,-54,0.1808,0.2178,0.2400,0.2001
_SO,10001494,50ETF购11月2300,0.3023,0.0713,30.87%,6748,18790500,4420,2.300,24,-1025,0.2310,0.2762,0.3037,0.2558
_SO,10001369,50ETF购12月2350,0.2781,0.0615,28.39%,1650,4190187,5157,2.350,52,-616,0.2166,0.2554,0.2781,0.2389
_SO,10001493,50ETF购11月2250,0.3490,0.0768,28.21%,3731,12132486,3593,2.250,24,-1063,0.2722,0.3229,0.3506,0.3018
_SO,10001469,50ETF购3月2850,0.0890,0.0194,27.87%,7219,6020357,9455,2.850,143,-2367,0.0696,0.0760,0.0903,0.0726
_SO,10001424,50ETF购3月2750,0.1206,0.0261,27.62%,2330,2578464,5286,2.750,143,323,0.0945,0.1035,0.1210,0.1003
_SO,10001423,50ETF购3月2700,0.1397,0.0302,27.58%,2481,3156215,5795,2.700,143,743,0.1095,0.1198,0.1400,0.1171
_SO,10001425,50ETF购3月2800,0.1035,0.0220,26.99%,2505,2406289,10804,2.800,143,288,0.0815,0.0886,0.1044,0.0856
_SO,10001508,50ETF购6月2700,0.1941,0.0411,26.86%,727,1332051,667,2.700,234,201,0.1530,0.1663,0.2288,0.1663
_SO,10001422,50ETF购3月2650,0.1594,0.0330,26.11%,1704,2519741,4560,2.650,143,274,0.1264,0.1401,0.1609,0.1374
_SO,10001377,50ETF购12月2300,0.3192,0.0653,25.72%,986,2933841,3832,2.300,52,-108,0.2539,0.2906,0.3209,0.2789
_SO,10001507,50ETF购6月2650,0.2140,0.0433,25.37%,884,1773034,978,2.650,234,449,0.1707,0.1940,0.2153,0.1878
_SO,10001421,50ETF购3月2600,0.1841,0.0371,25.24%,2400,4101462,6311,2.600,143,7,0.1470,0.1700,0.1841,0.1590
_SO,10001499,50ETF购11月2200,0.3949,0.0764,23.99%,7614,28619809,3937,2.200,24,110,0.3185,0.3605,0.3981,0.3477
_SO,10001509,50ETF购6月2750,0.1732,0.0334,23.89%,1911,3073849,2651,2.750,234,674,0.1398,0.1517,0.1741,0.1517
_SO,10001383,50ETF购12月2250,0.3617,0.0696,23.83%,744,2525084,1877,2.250,52,-91,0.2921,0.3330,0.3631,0.3217
_SO,10001419,50ETF购3月2500,0.2379,0.0455,23.65%,1155,2611593,6196,2.500,143,-264,0.1924,0.2056,0.2387,0.2056
_SO,10001505,50ETF购6月2550,0.2611,0.0494,23.33%,1128,2829250,1486,2.550,234,-68,0.2117,0.2301,0.2641,0.2301
_SO,10001420,50ETF购3月2550,0.2085,0.0394,23.30%,1695,3350355,4409,2.550,143,-76,0.1691,0.1866,0.2100,0.1841
_SO,10001506,50ETF购6月2600,0.2377,0.0441,22.78%,1340,2970722,1514,2.600,234,608,0.1936,0.2101,0.2377,0.2090
_SO,10001504,50ETF购6月2500,0.2872,0.0507,21.44%,833,2281193,1586,2.500,234,328,0.2365,0.2570,0.2898,0.2570
_SO,10001411,50ETF购12月2200,0.4093,0.0720,21.35%,1440,5575802,3381,2.200,52,-206,0.3373,0.3782,0.4099,0.3635
_SO,10001503,50ETF购6月2450,0.3173,0.0558,21.34%,649,1975125,1309,2.450,234,295,0.2615,0.2837,0.3199,0.2837
_SO,10001417,50ETF购3月2400,0.3018,0.0520,20.82%,1073,3110910,1545,2.400,143,-187,0.2498,0.2718,0.3027,0.2684
_SO,10001519,50ETF购6月2300,0.4174,0.0718,20.78%,1202,4847588,1395,2.300,234,452,0.3456,0.3749,0.4176,0.3749
_SO,10001418,50ETF购3月2450,0.2643,0.0443,20.14%,367,924454,2862,2.450,143,21,0.2200,0.2400,0.2681,0.2368
_SO,10001502,50ETF购6月2400,0.3498,0.0579,19.84%,321,1073185,786,2.400,234,23,0.2919,0.3172,0.3498,0.3170
_SO,10001501,50ETF购6月2350,0.3833,0.0632,19.74%,1075,3866276,1079,2.350,234,602,0.3201,0.3479,0.3833,0.3479
_SO,10001435,50ETF购3月2350,0.3321,0.0506,17.98%,1201,3755025,1159,2.350,143,-678,0.2815,0.3059,0.3360,0.3030
_SO,10001521,50ETF购6月2250,0.4532,0.0650,16.74%,49,213076,201,2.250,234,11,0.3882,0.4202,0.4532,0.4178
_SO,10001439,50ETF购3月2250,0.4130,0.0590,16.67%,592,2328125,1302,2.250,143,-39,0.3540,0.3827,0.4130,0.3750
_SO,10001437,50ETF购3月2300,0.3689,0.0508,15.97%,920,3240224,3295,2.300,143,-537,0.3181,0.3458,0.3723,0.3375
_SO,10001441,50ETF购3月2200,0.4500,0.0574,14.62%,649,2831698,5530,2.200,143,-203,0.3926,0.4238,0.4509,0.3986
_SO,10001518,50ETF沽6月2750,0.2784,-0.0457,-14.10%,427,1239744,689,2.750,234,128,0.3241,0.2973,0.3033,0.2770
_SO,10001517,50ETF沽6月2700,0.2497,-0.0420,-14.40%,136,354312,254,2.700,234,38,0.2917,0.2682,0.2712,0.2468
_SO,10001470,50ETF沽3月2850,0.3150,-0.0550,-14.86%,1773,5857568,2578,2.850,143,542,0.3700,0.3385,0.3450,0.3150
_SO,10001434,50ETF沽3月2800,0.2802,-0.0501,-15.17%,869,2570765,3178,2.800,143,58,0.3303,0.3018,0.3080,0.2801
_SO,10001516,50ETF沽6月2650,0.2224,-0.0423,-15.98%,407,937446,720,2.650,234,116,0.2647,0.2418,0.2441,0.2188
_SO,10001433,50ETF沽3月2750,0.2470,-0.0489,-16.53%,445,1165869,2033,2.750,143,105,0.2959,0.2703,0.3100,0.2470
_SO,10001515,50ETF沽6月2600,0.1968,-0.0390,-16.54%,782,1599208,1015,2.600,234,281,0.2358,0.2154,0.2169,0.1949
_SO,10001514,50ETF沽6月2550,0.1730,-0.0356,-17.07%,1350,2409998,1189,2.550,234,273,0.2086,0.1906,0.1906,0.1698
_SO,10001334,50ETF沽12月2950,0.3669,-0.0779,-17.51%,907,3524593,8641,2.950,52,-60,0.4448,0.3966,0.4100,0.3651
_SO,10001330,50ETF沽12月2900,0.3216,-0.0714,-18.17%,897,3089454,3085,2.900,52,-118,0.3930,0.3484,0.3669,0.3196
_SO,10001432,50ETF沽3月2700,0.2182,-0.0508,-18.88%,510,1178208,2329,2.700,143,73,0.2690,0.2407,0.2415,0.2174
_SO,10001513,50ETF沽6月2500,0.1510,-0.0358,-19.16%,769,1204867,1309,2.500,234,343,0.1868,0.1672,0.1677,0.1480
_SO,10001431,50ETF沽3月2650,0.1887,-0.0473,-20.04%,850,1697219,1277,2.650,143,-35,0.2360,0.2157,0.2157,0.1887
_SO,10001512,50ETF沽6月2450,0.1287,-0.0324,-20.11%,1915,2588467,2041,2.450,234,381,0.1611,0.1472,0.1472,0.1272
_SO,10001329,50ETF沽12月2850,0.2799,-0.0725,-20.57%,1532,4579456,2351,2.850,52,-160,0.3524,0.3096,0.3222,0.2775
_SO,10001430,50ETF沽3月2600,0.1625,-0.0437,-21.19%,1148,1982270,4465,2.600,143,361,0.2062,0.1886,0.1886,0.1623
_SO,10001328,50ETF沽12月2800,0.2407,-0.0655,-21.39%,2283,5886719,3490,2.800,52,-429,0.3062,0.2662,0.2802,0.2380
_SO,10001511,50ETF沽6月2400,0.1110,-0.0304,-21.50%,1663,1940909,1877,2.400,234,601,0.1414,0.1265,0.1270,0.1090
_SO,10001510,50ETF沽6月2350,0.0950,-0.0261,-21.55%,2292,2295056,2322,2.350,234,912,0.1211,0.1099,0.1101,0.0928
_SO,10001429,50ETF沽3月2550,0.1392,-0.0397,-22.19%,1666,2475097,3530,2.550,143,318,0.1789,0.1608,0.1608,0.1389
_SO,10001426,50ETF沽3月2400,0.0831,-0.0246,-22.84%,753,670093,5593,2.400,143,90,0.1077,0.0955,0.0956,0.0822
_SO,10001327,50ETF沽12月2750,0.2038,-0.0616,-23.21%,1623,3597650,3416,2.750,52,-84,0.2654,0.2272,0.2404,0.2010
_SO,10001427,50ETF沽3月2450,0.1001,-0.0305,-23.35%,1084,1132889,5181,2.450,143,337,0.1306,0.1182,0.1182,0.0989
_SO,10001428,50ETF沽3月2500,0.1176,-0.0359,-23.39%,1646,2066337,3505,2.500,143,162,0.1535,0.1389,0.1389,0.1176
_SO,10001488,50ETF沽11月2850,0.2627,-0.0803,-23.41%,5711,16376015,3380,2.850,24,-202,0.3430,0.2960,0.3125,0.2622
_SO,10001520,50ETF沽6月2300,0.0798,-0.0244,-23.42%,1322,1117936,1430,2.300,234,619,0.1042,0.0941,0.0941,0.0776
_SO,10001522,50ETF沽6月2250,0.0661,-0.0204,-23.58%,1533,1112421,1171,2.250,234,592,0.0865,0.0790,0.0790,0.0650
_SO,10001436,50ETF沽3月2350,0.0681,-0.0234,-25.57%,1515,1118674,3590,2.350,143,285,0.0915,0.0818,0.0818,0.0675
_SO,10001487,50ETF沽11月2800,0.2188,-0.0758,-25.73%,6087,14820778,2137,2.800,24,-598,0.2946,0.2459,0.2669,0.2174
_SO,10001326,50ETF沽12月2700,0.1691,-0.0591,-25.90%,5231,9749659,4168,2.700,52,-1270,0.2282,0.1900,0.2044,0.1672
_SO,10001438,50ETF沽3月2300,0.0556,-0.0204,-26.84%,1283,764868,3485,2.300,143,-43,0.0760,0.0681,0.0681,0.0552
_SO,10001325,50ETF沽12月2650,0.1384,-0.0531,-27.73%,5393,8276415,3974,2.650,52,-681,0.1915,0.1601,0.1704,0.1362
_SO,10001486,50ETF沽11月2750,0.1800,-0.0715,-28.43%,7982,15870943,5928,2.750,24,-96,0.2515,0.2000,0.2242,0.1762
_SO,10001440,50ETF沽3月2250,0.0440,-0.0182,-29.26%,991,485205,8778,2.250,143,191,0.0622,0.0558,0.0558,0.0439
_SO,10001442,50ETF沽3月2200,0.0351,-0.0152,-30.22%,2853,1100662,11343,2.200,143,1181,0.0503,0.0446,0.0446,0.0350
_SO,10001323,50ETF沽12月2550,0.0890,-0.0400,-31.01%,8895,8801007,8241,2.550,52,1944,0.1290,0.1051,0.1120,0.0870
_SO,10001324,50ETF沽12月2600,0.1117,-0.0512,-31.43%,8216,10135159,6640,2.600,52,1408,0.1629,0.1306,0.1395,0.1094
_SO,10001485,50ETF沽11月2700,0.1420,-0.0653,-31.50%,12671,20176197,9565,2.700,24,-2659,0.2073,0.1671,0.1845,0.1393
_SO,10001322,50ETF沽12月2500,0.0689,-0.0346,-33.43%,9613,7330774,13423,2.500,52,421,0.1035,0.0811,0.0886,0.0679
_SO,10001332,50ETF沽12月2450,0.0528,-0.0282,-34.81%,7374,4347504,9586,2.450,52,1378,0.0810,0.0652,0.0688,0.0441
_SO,10001484,50ETF沽11月2650,0.1090,-0.0596,-35.35%,31745,39264271,15837,2.650,24,-4940,0.1686,0.1280,0.1483,0.1069
_SO,10001360,50ETF沽12月2400,0.0392,-0.0242,-38.17%,6151,2698105,12614,2.400,52,894,0.0634,0.0495,0.0525,0.0386
_SO,10001370,50ETF沽12月2350,0.0291,-0.0185,-38.87%,5743,1832222,15188,2.350,52,-497,0.0476,0.0368,0.0390,0.0281
_SO,10001483,50ETF沽11月2600,0.0811,-0.0528,-39.43%,72580,69087075,47631,2.600,24,8418,0.1339,0.0987,0.1158,0.0792
_SO,10001412,50ETF沽12月2200,0.0107,-0.0073,-40.56%,8340,986467,36123,2.200,52,-375,0.0180,0.0129,0.0145,0.0102
_SO,10001378,50ETF沽12月2300,0.0212,-0.0147,-40.95%,6702,1546339,11542,2.300,52,-422,0.0359,0.0260,0.0284,0.0204
_SO,10001482,50ETF沽11月2550,0.0598,-0.0435,-42.11%,134552,96333309,61007,2.550,24,7108,0.1033,0.0648,0.0873,0.0583
_SO,10001384,50ETF沽12月2250,0.0147,-0.0112,-43.24%,4995,813020,14661,2.250,52,517,0.0259,0.0196,0.0201,0.0142
_SO,10001481,50ETF沽11月2500,0.0435,-0.0349,-44.52%,135877,71066075,76619,2.500,24,20221,0.0784,0.0526,0.0647,0.0425
_SO,10001500,50ETF沽11月2200,0.0036,-0.0030,-45.45%,22551,882363,63631,2.200,24,1001,0.0066,0.0043,0.0050,0.0031
_SO,10001480,50ETF沽11月2450,0.0306,-0.0265,-46.41%,114474,42322808,88649,2.450,24,16607,0.0571,0.0365,0.0459,0.0298
_SO,10001492,50ETF沽11月2400,0.0204,-0.0198,-49.25%,88313,21664540,69178,2.400,24,7218,0.0402,0.0230,0.0312,0.0200
_SO,10001491,50ETF沽11月2350,0.0132,-0.0136,-50.75%,54158,8696368,62286,2.350,24,1800,0.0268,0.0184,0.0205,0.0129
_SO,10001495,50ETF沽11月2250,0.0053,-0.0055,-50.93%,30844,1777189,51195,2.250,24,-594,0.0108,0.0060,0.0079,0.0038
_SO,10001496,50ETF沽11月2300,0.0079,-0.0094,-54.34%,60287,5810451,83217,2.300,24,-997,0.0173,0.0098,0.0128,0.0075